	Souhrn	0_0,01	0,01_0,1	0,1_1	1_5	5
1	728845	206476	248366	157342	49960	66700
2	140458	256865	28820	7048	1388	456
3	60555	48720	8139	2973	570	153
4	34036	26712	4592	2212	392	128
5	22185	16730	3305	1740	235	175
6	15696	11178	2706	1428	264	120
7	12208	8183	2597	1127	210	91
8	9264	6072	1992	984	152	64
9	7200	4446	1701	909	171	18
10	6530	3600	2100	600	160	40





dat <- read.table(text = "	Souhrn	0_0,01	0,01_0,1	0,1_1	1_5	5
1	728845	206476	248366	157342	49960	66700
2	140458	256865	28820	7048	1388	456
3	60555	48720	8139	2973	570	153
4	34036	26712	4592	2212	392	128
5	22185	16730	3305	1740	235	175
6	15696	11178	2706	1428	264	120
7	12208	8183	2597	1127	210	91
8	9264	6072	1992	984	152	64
9	7200	4446	1701	909	171	18
10	6530	3600	2100	600	160	40", header = TRUE)
barplot(as.matrix(dat))


=================================

dat <- read.table(text = "	Souhrn	0_0,01	0,01_0,1	0,1_1	1_5	5
1	728845	206476	248366	157342	49960	66700
2	140458	256865	28820	7048	1388	456
3	60555	48720	8139	2973	570	153
4	34036	26712	4592	2212	392	128
5	22185	16730	3305	1740	235	175
6	15696	11178	2706	1428	264	120
7	12208	8183	2597	1127	210	91
8	9264	6072	1992	984	152	64
9	7200	4446	1701	909	171	18
10	6530	3600	2100	600	160	40", header = TRUE)
barplot(as.matrix(dat))


library(reshape2)

dat$row <- seq_len(nrow(dat))
dat2 <- melt(dat, id.vars = "row")

library(ggplot2)

ggplot(dat2, aes(x=variable, y=value, fill=row)) + 
  geom_bar(stat="identity") +
  xlab("\nType") +
  ylab("Time\n") +
  guides(fill=FALSE) +
  theme_bw()