1,0.00010021
1,0.00010027
1,0.00010054
1,0.00010086
1,0.00010125
1,0.00010146
1,0.000102
1,0.0001033
1,0.00010374
1,0.00010461
1,0.00010632
1,0.00010648
1,0.0001065
1,0.00010671
1,0.00010693
1,0.0001071
1,0.000108
1,0.00010982
1,0.00011
1,0.00011098
1,0.000111
1,0.00011218
1,0.00011247
1,0.0001131
1,0.000115
1,0.00011503
1,0.00012332
1,0.00012407
1,0.00012725
1,0.00013023
1,0.0001335
1,0.000134
1,0.0001365
1,0.00014197
1,0.0001442
1,0.00014442
1,0.00014531
1,0.00014532
1,0.00014535
1,0.00014624
1,0.00014794
1,0.000148
1,0.00014867
1,0.00015139
1,0.00015419
1,0.00015713
1,0.00015903
1,0.00016011
1,0.00016174
1,0.00016347
1,0.000164
1,0.00016639
1,0.00016999
1,0.0001702
1,0.0001714
1,0.00017278
1,0.000176
1,0.00017668
1,0.00017825
1,0.00017991
1,0.0001802
1,0.00018167
1,0.000183
1,0.000185
1,0.00018683
1,0.00019006
1,0.00019214
1,0.00019381
1,0.00019767
1,0.00020005
1,0.00020011
1,0.00020013
1,0.00020014
1,0.00020016
1,0.00020021
1,0.00020023
1,0.00020028
1,0.00020029
1,0.00020033
1,0.00020034
1,0.00020035
1,0.00020036
1,0.00020041
1,0.00020046
1,0.00020047
1,0.0002005
1,0.00020054
1,0.00020058
1,0.00020067
1,0.00020068
1,0.00020081
1,0.00020084
1,0.00020085
1,0.00020086
1,0.00020087
1,0.0002009
1,0.00020092
1,0.00020094
1,0.00020095
1,0.000201
1,0.00020101
1,0.00020102
1,0.00020108
1,0.00020111
1,0.00020116
1,0.00020128
1,0.0002013
1,0.00020138
1,0.0002014
1,0.00020141
1,0.00020156
1,0.00020169
1,0.00020184
1,0.00020186
1,0.0002019
1,0.00020202
1,0.00020205
1,0.00020219
1,0.00020235
1,0.0002025
1,0.00020254
1,0.0002026
1,0.00020262
1,0.00020266
1,0.00020276
1,0.00020294
1,0.00020324
1,0.00020338
1,0.00020345
1,0.00020364
1,0.00020368
1,0.00020376
1,0.00020432
1,0.00020436
1,0.00020462
1,0.00020492
1,0.00020525
1,0.00020526
1,0.00020547
1,0.00020558
1,0.0002056
1,0.00020571
1,0.00020574
1,0.00020577
1,0.00020589
1,0.00020596
1,0.00020602
1,0.00020611
1,0.00020646
1,0.00020649
1,0.00020652
1,0.00020654
1,0.00020681
1,0.00020699
1,0.00020742
1,0.00020746
1,0.00020753
1,0.00020773
1,0.00020809
1,0.00020821
1,0.00020826
1,0.0002083
1,0.00020833
1,0.00020874
1,0.00020959
1,0.00020961
1,0.00020969
1,0.00020988
1,0.00021004
1,0.00021021
1,0.0002103
1,0.00021045
1,0.00021054
1,0.00021092
1,0.00021134
1,0.00021136
1,0.00021221
1,0.00021239
1,0.0002127
1,0.00021274
1,0.00021411
1,0.00021488
1,0.00021522
1,0.00021558
1,0.00021582
1,0.0002163
1,0.00021639
1,0.00021747
1,0.00021838
1,0.00021857
1,0.0002199
1,0.00022011
1,0.0002204
1,0.00022069
1,0.00022117
1,0.00022127
1,0.00022245
1,0.00022246
1,0.00022315
1,0.00022317
1,0.00022322
1,0.00022369
1,0.00022375
1,0.0002244
1,0.00022471
1,0.00022477
1,0.0002253
1,0.00022583
1,0.00022626
1,0.00022778
1,0.00022844
1,0.00022924
1,0.00023033
1,0.00023064
1,0.0002309
1,0.00023143
1,0.00023186
1,0.000234
1,0.00023462
1,0.00023532
1,0.00023555
1,0.00023619
1,0.00023705
1,0.0002375
1,0.000239
1,0.00023963
1,0.00023995
1,0.00024004
1,0.00024007
1,0.00024034
1,0.00024036
1,0.00024114
1,0.000245
1,0.00024596
1,0.00024624
1,0.00024683
1,0.00024733
1,0.000249
1,0.00025112
1,0.00025114
1,0.000252
1,0.00025228
1,0.0002526
1,0.00025311
1,0.00025312
1,0.0002535
1,0.00025374
1,0.00025387
1,0.00025468
1,0.00025574
1,0.0002569
1,0.00025771
1,0.000258
1,0.00026
1,0.00026053
1,0.00026063
1,0.00026168
1,0.0002618
1,0.00026652
1,0.00026706
1,0.0002677
1,0.00026842
1,0.0002694
1,0.00026972
1,0.00027015
1,0.00027209
1,0.000274
1,0.00027589
1,0.00027687
1,0.00028223
1,0.00028248
1,0.0002843
1,0.00028517
1,0.00028594
1,0.00028598
1,0.00028855
1,0.00029
1,0.00029075
1,0.00029222
1,0.000295
1,0.00029579
1,0.000296
1,0.00029794
1,0.00029996
1,0.00029997
1,0.00030022
1,0.00030031
1,0.00030086
1,0.00030112
1,0.00030138
1,0.0003021
1,0.00030245
1,0.00030354
1,0.00030422
1,0.00030737
1,0.000308
1,0.00030904
1,0.0003098
1,0.00031033
1,0.00031136
1,0.00031182
1,0.00031236
1,0.00031331
1,0.00031351
1,0.000314
1,0.0003154
1,0.0003168
1,0.00031729
1,0.00031782
1,0.000318
1,0.00031996
1,0.00032008
1,0.00032488
1,0.000326
1,0.00032686
1,0.00032819
1,0.00032913
1,0.00033167
1,0.00033253
1,0.0003327
1,0.00033292
1,0.00033397
1,0.00033502
1,0.0003351
1,0.00033573
1,0.0003364
1,0.00033705
1,0.00033734
1,0.00033793
1,0.00033808
1,0.00034
1,0.00034143
1,0.000343
1,0.000345
1,0.00034528
1,0.00034687
1,0.000349
1,0.00034968
1,0.00035001
1,0.00035151
1,0.00035244
1,0.00035271
1,0.00035278
1,0.0003531
1,0.00035547
1,0.00035649
1,0.00035719
1,0.00035916
1,0.00036002
1,0.00036089
1,0.00036256
1,0.0003626
1,0.00036337
1,0.00036373
1,0.000366
1,0.00036856
1,0.00037139
1,0.00037172
1,0.00037217
1,0.00037538
1,0.00037716
1,0.000379
1,0.00037928
1,0.00038036
1,0.0003869
1,0.00038836
1,0.00038866
1,0.00038898
1,0.00039187
1,0.00039275
1,0.00039925
1,0.00039989
1,0.00040016
1,0.00040038
1,0.00040077
1,0.00040152
1,0.00040279
1,0.00040297
1,0.00040375
1,0.00040406
1,0.00040441
1,0.0004049
1,0.00040575
1,0.00040812
1,0.00040905
1,0.00040969
1,0.00040999
1,0.0004111
1,0.000412
1,0.00041384
1,0.00041499
1,0.00041577
1,0.000427
1,0.00042731
1,0.00042776
1,0.0004297
1,0.00042981
1,0.00043158
1,0.00043332
1,0.00043346
1,0.00043352
1,0.000434
1,0.000437
1,0.00043914
1,0.00044294
1,0.00044395
1,0.00044476
1,0.00044635
1,0.0004468
1,0.00044973
1,0.00045116
1,0.00045121
1,0.00045138
1,0.00045193
1,0.0004531
1,0.000455
1,0.00046413
1,0.00046677
1,0.00046766
1,0.00047016
1,0.0004706
1,0.00047093
1,0.00047621
1,0.00048232
1,0.00048247
1,0.00048812
1,0.00049018
1,0.00049065
1,0.00049557
1,0.00049824
1,0.00049997
1,0.00050005
1,0.000503
1,0.00050384
1,0.00050476
1,0.00050493
1,0.00050556
1,0.0005062
1,0.00050831
1,0.000509
1,0.00050991
1,0.00051115
1,0.00051259
1,0.000513
1,0.00052054
1,0.00052056
1,0.00052202
1,0.00052582
1,0.0005334
1,0.00053345
1,0.00053472
1,0.00053782
1,0.00053893
1,0.00053907
1,0.00054
1,0.00054164
1,0.00054526
1,0.00054781
1,0.00054832
1,0.000549
1,0.00054978
1,0.00055284
1,0.0005543
1,0.0005546
1,0.00055795
1,0.00055875
1,0.00055886
1,0.0005597
1,0.00056483
1,0.00056513
1,0.00056855
1,0.00056968
1,0.00057
1,0.00057139
1,0.0005722
1,0.00057221
1,0.00057351
1,0.00057624
1,0.00057765
1,0.00058013
1,0.00058036
1,0.00058367
1,0.00058953
1,0.00058998
1,0.00059336
1,0.0005946
1,0.00059499
1,0.00059826
1,0.0006005
1,0.00060531
1,0.00060538
1,0.000607
1,0.00061649
1,0.00062168
1,0.00062365
1,0.00062815
1,0.00062835
1,0.0006329
1,0.00064037
1,0.000645
1,0.00064735
1,0.000648
1,0.00065
1,0.00065227
1,0.00065364
1,0.00065621
1,0.00066262
1,0.00066948
1,0.00067
1,0.00067244
1,0.0006773
1,0.00068
1,0.00068286
1,0.00068358
1,0.00068581
1,0.000686
1,0.00068677
1,0.00068821
1,0.00069
1,0.00069781
1,0.000702
1,0.0007068
1,0.00070695
1,0.00070986
1,0.00071
1,0.00071318
1,0.000719
1,0.00072213
1,0.000727
1,0.00072784
1,0.00073
1,0.0007311
1,0.00073165
1,0.0007344
1,0.0007351
1,0.00073894
1,0.00073955
1,0.00074104
1,0.00074439
1,0.000745
1,0.000747
1,0.00074866
1,0.00074921
1,0.00075332
1,0.00075505
1,0.00075925
1,0.00076394
1,0.0007684
1,0.00077359
1,0.00077385
1,0.00077866
1,0.000784
1,0.00078496
1,0.00078499
1,0.00078574
1,0.000789
1,0.00079
1,0.00079552
1,0.000796
1,0.00079696
1,0.00079892
1,0.00079952
1,0.00079991
1,0.00080142
1,0.00081003
1,0.00081029
1,0.00081266
1,0.0008162
1,0.00082327
1,0.000825
1,0.0008264
1,0.0008328
1,0.00083443
1,0.00083576
1,0.000837
1,0.00083906
1,0.00084
1,0.00084083
1,0.00084108
1,0.00085155
1,0.00086143
1,0.00086491
1,0.00088396
1,0.00088401
1,0.0008897
1,0.0008918
1,0.000894
1,0.00089499
1,0.000897
1,0.00089725
1,0.00090249
1,0.00090553
1,0.0009062
1,0.00091099
1,0.00091218
1,0.000915
1,0.00092072
1,0.00092721
1,0.00092764
1,0.00092812
1,0.00093
1,0.00093198
1,0.00093674
1,0.0009372
1,0.00093739
1,0.000938
1,0.00094
1,0.00094744
1,0.0009531
1,0.00095642
1,0.00095664
1,0.00095771
1,0.00095892
1,0.00096412
1,0.00096451
1,0.000965
1,0.00096654
1,0.00096954
1,0.00097
1,0.00097473
1,0.0009752
1,0.00098
1,0.00098414
1,0.0009875
1,0.00098866
1,0.00099
1,0.00099083
1,0.00099242
1,0.00100148
1,0.00100573
1,0.00100821
1,0.001014
1,0.00101669
1,0.00102135
1,0.00102554
1,0.00102611
1,0.00102727
1,0.00102935
1,0.00103028
1,0.00103113
1,0.00103698
1,0.00103982
1,0.00104
1,0.00104307
1,0.00104393
1,0.0010475
1,0.001048
1,0.00105195
1,0.00105534
1,0.00106374
1,0.001067
1,0.00107195
1,0.00107258
1,0.00107372
1,0.00107682
1,0.00108
1,0.00109706
1,0.00109714
1,0.00110039
1,0.001101
1,0.00110471
1,0.00110821
1,0.00111
1,0.00111121
1,0.00111155
1,0.00111168
1,0.00111411
1,0.00111499
1,0.00111566
1,0.001116
1,0.00111625
1,0.00111772
1,0.00111822
1,0.00111874
1,0.00111919
1,0.00111962
1,0.00111969
1,0.00111998
1,0.00112028
1,0.00112121
1,0.00112274
1,0.00112337
1,0.001125
1,0.00112691
1,0.00113495
1,0.00114064
1,0.0011431
1,0.00115291
1,0.001155
1,0.001156
1,0.00115741
1,0.00116245
1,0.001164
1,0.00116423
1,0.00116519
1,0.00117283
1,0.0011756
1,0.00117909
1,0.00118195
1,0.0011848
1,0.00118509
1,0.00119238
1,0.001199
1,0.00120554
1,0.00120691
1,0.00120932
1,0.00121523
1,0.00121647
1,0.00121791
1,0.00121842
1,0.0012188
1,0.00121909
1,0.00121955
1,0.00122093
1,0.00122216
1,0.00122224
1,0.00122233
1,0.00122292
1,0.00122382
1,0.00122445
1,0.00122564
1,0.00122571
1,0.00122648
1,0.00122681
1,0.00122684
1,0.00122692
1,0.00122703
1,0.00122719
1,0.00122746
1,0.0012275
1,0.00122762
1,0.00122886
1,0.00122889
1,0.00122895
1,0.00122913
1,0.00122921
1,0.00122966
1,0.00122996
1,0.00123
1,0.0012313
1,0.0012315
1,0.00123156
1,0.00123207
1,0.00123229
1,0.00123235
1,0.00123257
1,0.00123357
1,0.00123358
1,0.00123473
1,0.00123628
1,0.00123947
1,0.0012398
1,0.00123991
1,0.00123997
1,0.00124079
1,0.00124129
1,0.00124295
1,0.001243
1,0.00124397
1,0.00124416
1,0.00124433
1,0.00124545
1,0.00124605
1,0.00124647
1,0.00124662
1,0.00124723
1,0.00124833
1,0.00124864
1,0.00124911
1,0.00124927
1,0.0012493
1,0.00124946
1,0.0012496
1,0.0012501
1,0.00125022
1,0.0012512
1,0.00125127
1,0.00125266
1,0.00125284
1,0.00125289
1,0.00125363
1,0.00125503
1,0.00125551
1,0.00125625
1,0.00125843
1,0.00125869
1,0.00125871
1,0.00125987
1,0.00126
1,0.00126032
1,0.00126061
1,0.00126096
1,0.00126097
1,0.00126116
1,0.00126161
1,0.00126203
1,0.00126325
1,0.00126397
1,0.00126412
1,0.00126575
1,0.00126586
1,0.00126618
1,0.00126632
1,0.00126665
1,0.00126797
1,0.00126802
1,0.00126813
1,0.00126833
1,0.00126835
1,0.00126836
1,0.00126839
1,0.00126878
1,0.00126944
1,0.00126969
1,0.00126976
1,0.00127068
1,0.00127074
1,0.001274
1,0.00127677
1,0.00128368
1,0.00129343
1,0.00129439
1,0.0012955
1,0.00129842
1,0.00129925
1,0.00131708
1,0.0013172
1,0.001332
1,0.00133297
1,0.00133354
1,0.0013338
1,0.00133468
1,0.00133582
1,0.00134186
1,0.0013426
1,0.00134309
1,0.00134378
1,0.00134492
1,0.00134877
1,0.00135244
1,0.0013538
1,0.00135893
1,0.00135992
1,0.0013649
1,0.00136743
1,0.00136891
1,0.00137218
1,0.00138107
1,0.00138838
1,0.00139501
1,0.00139653
1,0.00139745
1,0.00139791
1,0.001399
1,0.00139953
1,0.0014
1,0.00140158
1,0.00140759
1,0.0014111
1,0.00141186
1,0.001414
1,0.001415
1,0.00142028
1,0.00142165
1,0.00142405
1,0.00143732
1,0.001441
1,0.0014492
1,0.001462
1,0.0014625
1,0.00146717
1,0.00147
1,0.0014739
1,0.00147803
1,0.001479
1,0.00148
1,0.00148125
1,0.0014908
1,0.001505
1,0.00150782
1,0.001508
1,0.00151294
1,0.001516
1,0.00151775
1,0.00151974
1,0.00153234
1,0.0015539
1,0.0015645
1,0.001566
1,0.0015731
1,0.00157635
1,0.00157669
1,0.00157846
1,0.00158051
1,0.00158583
1,0.001599
1,0.0016102
1,0.0016226
1,0.0016231
1,0.00162495
1,0.00163333
1,0.00164222
1,0.00164627
1,0.00164664
1,0.0016531
1,0.00166
1,0.00166174
1,0.00166666
1,0.00166934
1,0.00167733
1,0.00167804
1,0.0016781
1,0.00167812
1,0.00167912
1,0.00168858
1,0.00169
1,0.00169454
1,0.00169747
1,0.0016981
1,0.00169819
1,0.00170845
1,0.00171023
1,0.00171432
1,0.00171639
1,0.00172295
1,0.0017269
1,0.00173337
1,0.00173915
1,0.00174
1,0.001745
1,0.00175536
1,0.00175648
1,0.001757
1,0.0017696
1,0.00177722
1,0.0017916
1,0.001792
1,0.0018108
1,0.0018208
1,0.00182463
1,0.00183198
1,0.00183398
1,0.0018569
1,0.00186928
1,0.00187111
1,0.00187923
1,0.00188917
1,0.00189787
1,0.00189919
1,0.001924
1,0.00192976
1,0.001946
1,0.00194994
1,0.00195297
1,0.0019531
1,0.00195501
1,0.00195918
1,0.00196331
1,0.00196963
1,0.00197859
1,0.00198048
1,0.00199104
1,0.00199168
1,0.00199321
1,0.00199942
1,0.00200006
1,0.00200155
1,0.00201494
1,0.0020224
1,0.00202447
1,0.00202491
1,0.00203026
1,0.00203665
1,0.00204337
1,0.00204725
1,0.00205
1,0.0020598
1,0.00206145
1,0.00206772
1,0.00206971
1,0.00207
1,0.002078
1,0.00208437
1,0.00208584
1,0.00211009
1,0.002111
1,0.00211111
1,0.00211157
1,0.002118
1,0.00212677
1,0.00212742
1,0.00213542
1,0.00214543
1,0.00216473
1,0.002165
1,0.0021657
1,0.00216826
1,0.00219358
1,0.00219955
1,0.00220986
1,0.00221431
1,0.00221615
1,0.00221734
1,0.002219
1,0.002221
1,0.00222172
1,0.0022238
1,0.00222546
1,0.002227
1,0.002229
1,0.00222999
1,0.00223266
1,0.00223749
1,0.00223752
1,0.00223818
1,0.00223844
1,0.00223856
1,0.00223872
1,0.00223908
1,0.00225416
1,0.00226
1,0.0022663
1,0.00227
1,0.002271
1,0.00227925
1,0.002284
1,0.00228489
1,0.002292
1,0.0023062
1,0.002325
1,0.00232899
1,0.00233333
1,0.00234
1,0.00234393
1,0.00234533
1,0.00235
1,0.002376
1,0.00237938
1,0.00239
1,0.002395
1,0.002397
1,0.0024
1,0.002406
1,0.00240906
1,0.00242887
1,0.00242902
1,0.00243
1,0.00243604
1,0.00243632
1,0.00243711
1,0.00243857
1,0.00244098
1,0.00244698
1,0.002447
1,0.00246348
1,0.00246766
1,0.00247689
1,0.0024812
1,0.002483
1,0.00248448
1,0.00248897
1,0.00249828
1,0.00249912
1,0.002501
1,0.00250756
1,0.0025124
1,0.002528
1,0.002548
1,0.00254834
1,0.00256
1,0.00257164
1,0.00257495
1,0.00259576
1,0.002597
1,0.00259728
1,0.0026
1,0.002604
1,0.0026094
1,0.0026163
1,0.0026269
1,0.00262691
1,0.00263534
1,0.00263606
1,0.00266213
1,0.00266377
1,0.00266923
1,0.00266959
1,0.002674
1,0.002675
1,0.00267539
1,0.00268498
1,0.00268741
1,0.0026899
1,0.00269
1,0.00269207
1,0.00269819
1,0.002711
1,0.002714
1,0.00271523
1,0.002739
1,0.00274047
1,0.002776
1,0.002777
1,0.002779
1,0.00278
1,0.0027994
1,0.0028
1,0.00280103
1,0.002811
1,0.0028121
1,0.00283866
1,0.00285
1,0.00285194
1,0.00285535
1,0.0028731
1,0.00287386
1,0.002876
1,0.00288356
1,0.00288536
1,0.00289491
1,0.00289726
1,0.00290816
1,0.0029099
1,0.00291749
1,0.002918
1,0.002919
1,0.00292031
1,0.002926
1,0.002938
1,0.00293957
1,0.00294212
1,0.002943
1,0.00295045
1,0.00295186
1,0.00296035
1,0.00297055
1,0.00298707
1,0.00298712
1,0.00298725
1,0.00298792
1,0.002989
1,0.00298913
1,0.00298968
1,0.00298994
1,0.00299007
1,0.00299047
1,0.00299079
1,0.00299177
1,0.0029919
1,0.00299297
1,0.00299333
1,0.00299336
1,0.00299372
1,0.00299437
1,0.00299555
1,0.00299568
1,0.00299591
1,0.00299697
1,0.00299724
1,0.00299776
1,0.00299828
1,0.00299835
1,0.00299848
1,0.00299874
1,0.00299899
1,0.00299903
1,0.00299945
1,0.00299946
1,0.00299958
1,0.00299975
1,0.00300005
1,0.00300066
1,0.00300088
1,0.00300121
1,0.00300129
1,0.00300154
1,0.00300271
1,0.00300277
1,0.00300297
1,0.00300401
1,0.00300402
1,0.00300403
1,0.0030043
1,0.00300447
1,0.00300502
1,0.00300523
1,0.00300613
1,0.00300649
1,0.00300688
1,0.00300714
1,0.00300715
1,0.00300741
1,0.00300753
1,0.00300779
1,0.00300782
1,0.00300793
1,0.00301027
1,0.0030103
1,0.00301039
1,0.00301079
1,0.00301184
1,0.00301223
1,0.00301301
1,0.00301392
1,0.00301464
1,0.00301499
1,0.00301548
1,0.00301666
1,0.00301695
1,0.00301782
1,0.00301871
1,0.00301952
1,0.00302005
1,0.00302056
1,0.00302085
1,0.00302089
1,0.00302141
1,0.00302216
1,0.00302217
1,0.00302395
1,0.00302408
1,0.00302434
1,0.00302457
1,0.003025
1,0.00302578
1,0.00302707
1,0.00302743
1,0.00302747
1,0.00302749
1,0.00302773
1,0.00302929
1,0.00302978
1,0.00303
1,0.00303049
1,0.00303073
1,0.00303098
1,0.00303122
1,0.00303434
1,0.003041
1,0.00304195
1,0.00304472
1,0.00306187
1,0.00306513
1,0.003075
1,0.003087
1,0.003091
1,0.00309449
1,0.00310054
1,0.0031024
1,0.00310493
1,0.00310674
1,0.00311775
1,0.00312
1,0.00312362
1,0.00312712
1,0.00313593
1,0.003139
1,0.00314
1,0.003141
1,0.00314628
1,0.00317798
1,0.00317897
1,0.0031981
1,0.00320741
1,0.00322969
1,0.00323
1,0.00323158
1,0.00323864
1,0.003239
1,0.00323964
1,0.00324528
1,0.003259
1,0.00326101
1,0.0032629
1,0.00326587
1,0.00326733
1,0.00329826
1,0.00330081
1,0.00331916
1,0.003333
1,0.00333333
1,0.003336
1,0.00334456
1,0.00334508
1,0.00334632
1,0.00334833
1,0.00335
1,0.00335622
1,0.00335623
1,0.00335769
1,0.00336
1,0.00336111
1,0.003375
1,0.00338653
1,0.00341513
1,0.00341535
1,0.00343087
1,0.0034354
1,0.00346819
1,0.003472
1,0.003481
1,0.00349773
1,0.0035
1,0.00351558
1,0.0035196
1,0.0035216
1,0.0036
1,0.00360219
1,0.00360472
1,0.003614
1,0.00362598
1,0.00363637
1,0.00367
1,0.00367077
1,0.00368285
1,0.00368828
1,0.0036938
1,0.003696
1,0.0037
1,0.00372462
1,0.00372477
1,0.00372581
1,0.00372738
1,0.00375
1,0.00375523
1,0.00376257
1,0.003769
1,0.00377811
1,0.00378308
1,0.00380062
1,0.00380269
1,0.00382
1,0.00382255
1,0.003832
1,0.00384953
1,0.00385721
1,0.0038696
1,0.00388
1,0.00390664
1,0.0039069
1,0.003909
1,0.00391236
1,0.0039156
1,0.00391784
1,0.00391793
1,0.00392
1,0.00392986
1,0.00393481
1,0.00394348
1,0.0039656
1,0.00397421
1,0.00398518
1,0.0039899
1,0.00400222
1,0.00401647
1,0.00403531
1,0.00404125
1,0.00404824
1,0.00404967
1,0.00405
1,0.00405408
1,0.00405511
1,0.00406365
1,0.00407171
1,0.00410157
1,0.00410936
1,0.00411
1,0.00411045
1,0.00411174
1,0.00412316
1,0.00412827
1,0.0041321
1,0.00413865
1,0.00415669
1,0.00416
1,0.00417625
1,0.00419244
1,0.0042
1,0.00423
1,0.00423006
1,0.004235
1,0.0042354
1,0.00424384
1,0.00424426
1,0.00424859
1,0.00425
1,0.004264
1,0.00426903
1,0.00427692
1,0.00428289
1,0.004299
1,0.00430698
1,0.00432348
1,0.0043299
1,0.004344
1,0.0043466
1,0.0043562
1,0.00437499
1,0.00438
1,0.00439022
1,0.004396
1,0.0044
1,0.00441738
1,0.00442977
1,0.00443459
1,0.00443567
1,0.00444375
1,0.00445
1,0.00446518
1,0.00446724
1,0.00447124
1,0.004486
1,0.00448863
1,0.00450436
1,0.00450869
1,0.00450924
1,0.004515
1,0.0045212
1,0.00452476
1,0.00453
1,0.00454977
1,0.00456
1,0.004564
1,0.00458401
1,0.0045848
1,0.00461325
1,0.00461741
1,0.00461829
1,0.00463497
1,0.00465103
1,0.00465235
1,0.004655
1,0.0046556
1,0.004657
1,0.00466314
1,0.004665
1,0.00466524
1,0.00467277
1,0.00468536
1,0.00469365
1,0.0047
1,0.00470018
1,0.0047057
1,0.004711
1,0.004713
1,0.004726
1,0.00476481
1,0.00476879
1,0.004774
1,0.0047772
1,0.00477726
1,0.00479147
1,0.004811
1,0.00481324
1,0.004815
1,0.00481673
1,0.00482176
1,0.00482464
1,0.00482777
1,0.0048531
1,0.00486272
1,0.00486641
1,0.00487878
1,0.00488759
1,0.0049044
1,0.00490811
1,0.00493152
1,0.004934
1,0.0049459
1,0.004955
1,0.00498788
1,0.00498959
1,0.00499024
1,0.004993
1,0.005006
1,0.005022
1,0.00503596
1,0.00505275
1,0.005061
1,0.00507163
1,0.00507245
1,0.0050826
1,0.00508325
1,0.0050963
1,0.00510471
1,0.0051146
1,0.00512
1,0.005123
1,0.00513076
1,0.00514044
1,0.00514172
1,0.005149
1,0.00516875
1,0.00516912
1,0.00516928
1,0.00517408
1,0.00518333
1,0.00518504
1,0.00518567
1,0.0051983
1,0.005222
1,0.00523214
1,0.0052703
1,0.00527198
1,0.005275
1,0.00527547
1,0.00528062
1,0.00528811
1,0.00530016
1,0.0053036
1,0.00533293
1,0.0053495
1,0.00535221
1,0.00535381
1,0.0053686
1,0.0053717
1,0.00537637
1,0.00538404
1,0.00538525
1,0.00539498
1,0.005397
1,0.00542
1,0.00544052
1,0.00544693
1,0.0054552
1,0.00545905
1,0.00546405
1,0.005468
1,0.00548
1,0.00549302
1,0.00549501
1,0.00549974
1,0.00551194
1,0.0055169
1,0.005524
1,0.00553202
1,0.00554939
1,0.00555
1,0.00555025
1,0.00555055
1,0.00555413
1,0.00555611
1,0.00556
1,0.00557202
1,0.0055799
1,0.00558098
1,0.005582
1,0.0055827
1,0.0055855
1,0.00559
1,0.00559165
1,0.005593
1,0.0055937
1,0.00559372
1,0.00559416
1,0.0055942
1,0.00559641
1,0.0055968
1,0.005597
1,0.00559773
1,0.00559825
1,0.00559995
1,0.00561
1,0.00562883
1,0.00562897
1,0.00563
1,0.005637
1,0.0056536
1,0.00571
1,0.005718
1,0.00572656
1,0.00575213
1,0.0057677
1,0.0057966
1,0.00579844
1,0.0058
1,0.005817
1,0.00583146
1,0.0058588
1,0.00586216
1,0.005863
1,0.00587271
1,0.0058826
1,0.00589451
1,0.0059
1,0.00591615
1,0.00592
1,0.00594093
1,0.00594241
1,0.005977
1,0.00598118
1,0.00598201
1,0.0060001
1,0.006017
1,0.00602573
1,0.00604597
1,0.0060531
1,0.00608658
1,0.00608811
1,0.0060931
1,0.0061
1,0.00615604
1,0.00616006
1,0.0061742
1,0.00618
1,0.00624824
1,0.00625282
1,0.00626521
1,0.00626527
1,0.00626675
1,0.00629138
1,0.00629451
1,0.0062989
1,0.00630999
1,0.00632878
1,0.00635153
1,0.00635319
1,0.00638461
1,0.00643464
1,0.00644735
1,0.00648
1,0.00648524
1,0.00648692
1,0.00649
1,0.00651804
1,0.00653284
1,0.006541
1,0.00655215
1,0.00655698
1,0.00655895
1,0.00659162
1,0.0066344
1,0.00664816
1,0.006651
1,0.00665955
1,0.00666
1,0.00666047
1,0.00666573
1,0.006668
1,0.0066731
1,0.00667423
1,0.00667509
1,0.00668502
1,0.00669
1,0.00669411
1,0.00669714
1,0.0067
1,0.00671141
1,0.00671388
1,0.006714
1,0.00671629
1,0.006717
1,0.00671724
1,0.00671772
1,0.006718
1,0.0067194
1,0.006721
1,0.00672365
1,0.00672457
1,0.006754
1,0.00675613
1,0.00677778
1,0.00679887
1,0.006804
1,0.00682286
1,0.00683436
1,0.00683899
1,0.00685033
1,0.00688716
1,0.00689676
1,0.0069
1,0.006909
1,0.00691725
1,0.00692065
1,0.00696
1,0.00696652
1,0.0069691
1,0.00697962
1,0.00698486
1,0.00700099
1,0.00700723
1,0.00701145
1,0.0070124
1,0.007056
1,0.00706089
1,0.00711937
1,0.00712489
1,0.00713333
1,0.00714294
1,0.00718611
1,0.007196
1,0.00723953
1,0.00725017
1,0.00726092
1,0.00727181
1,0.00727701
1,0.0073
1,0.007302
1,0.007335
1,0.00737649
1,0.00738004
1,0.007438
1,0.00744496
1,0.00745
1,0.007479
1,0.0074931
1,0.00749449
1,0.0075
1,0.00751093
1,0.007525
1,0.00753533
1,0.00757069
1,0.00757306
1,0.00759318
1,0.0076
1,0.00761081
1,0.00762357
1,0.00766588
1,0.00769425
1,0.0077
1,0.0077062
1,0.007713
1,0.00772
1,0.007738
1,0.00774028
1,0.0077568
1,0.007773
1,0.00777493
1,0.0078
1,0.00781189
1,0.00781337
1,0.007815
1,0.00781555
1,0.00782
1,0.007823
1,0.00783118
1,0.00783734
1,0.00784305
1,0.00788138
1,0.00789176
1,0.0078956
1,0.00791484
1,0.00795667
1,0.00798177
1,0.008017
1,0.00802
1,0.00803489
1,0.00803844
1,0.00805582
1,0.0080578
1,0.00809008
1,0.0080967
1,0.0081
1,0.00811015
1,0.00811057
1,0.00811893
1,0.00814042
1,0.00816927
1,0.00817655
1,0.00817873
1,0.00828821
1,0.00831817
1,0.00832633
1,0.00833603
1,0.00833629
1,0.008362
1,0.008364
1,0.00836525
1,0.00839491
1,0.00839922
1,0.0084
1,0.00840322
1,0.008411
1,0.008417
1,0.00842
1,0.00844164
1,0.008447
1,0.00845
1,0.00846666
1,0.008492
1,0.0084953
1,0.0085
1,0.00850119
1,0.00852774
1,0.00853441
1,0.00857066
1,0.00858322
1,0.00858448
1,0.00860778
1,0.00861923
1,0.00864456
1,0.00867089
1,0.008696
1,0.00871
1,0.0087533
1,0.00876793
1,0.00877488
1,0.00877527
1,0.008794
1,0.0087963
1,0.00879972
1,0.008801
1,0.00881999
1,0.00882
1,0.00882104
1,0.00883948
1,0.00885024
1,0.008863
1,0.00886341
1,0.00888197
1,0.00888751
1,0.00891079
1,0.00891534
1,0.00891811
1,0.00892811
1,0.00893248
1,0.0089417
1,0.00894593
1,0.00894995
1,0.00895008
1,0.00895328
1,0.00895368
1,0.00895526
1,0.00895712
1,0.00895746
1,0.00895904
1,0.0089592
1,0.00896
1,0.0089649
1,0.00899
1,0.00899999
1,0.0090824
1,0.00909552
1,0.0091186
1,0.0091261
1,0.00913632
1,0.0091737
1,0.009176
1,0.0091806
1,0.0092079
1,0.0092176
1,0.00924944
1,0.00925
1,0.009257
1,0.00927041
1,0.00928791
1,0.00931447
1,0.00932404
1,0.00933528
1,0.00934334
1,0.00938166
1,0.0093826
1,0.0093986
1,0.009418
1,0.00944926
1,0.00946384
1,0.00950445
1,0.00950918
1,0.00954
1,0.00954258
1,0.00957268
1,0.00958425
1,0.00958561
1,0.0095923
1,0.0095966
1,0.0096
1,0.0096038
1,0.00960753
1,0.00963667
1,0.00964807
1,0.0096708
1,0.00967905
1,0.00969847
1,0.00970317
1,0.009705
1,0.0097062
1,0.00971294
1,0.00972074
1,0.00972078
1,0.0097208
1,0.0097261
1,0.00974716
1,0.00975
1,0.009767
1,0.009774
1,0.0097808
1,0.00979242
1,0.00979317
1,0.0097948
1,0.00980214
1,0.00981283
1,0.00982679
1,0.00983596
1,0.00984318
1,0.0098531
1,0.00986199
1,0.00986296
1,0.00988106
1,0.00988605
1,0.00989448
1,0.009901
1,0.00990753
1,0.0099082
1,0.0099232
1,0.00994952
1,0.00995973
1,0.00997181
1,0.009975
1,0.00997681
1,0.01000004
1,0.01000007
1,0.01000008
1,0.01000009
1,0.0100001
1,0.01000012
1,0.01000014
1,0.01000015
1,0.01000016
1,0.01000018
1,0.0100002
1,0.01000021
1,0.01000024
1,0.0100003
1,0.01000034
1,0.01000036
1,0.01000046
1,0.01000047
1,0.01000055
1,0.0100006
1,0.01000064
1,0.01000067
1,0.01000068
1,0.01000072
1,0.01000076
1,0.01000077
1,0.01000079
1,0.01000094
1,0.010001
1,0.01000104
1,0.01000112
1,0.0100014
1,0.01000144
1,0.01000167
1,0.0100018
1,0.010002
1,0.01000216
1,0.01000269
1,0.01000311
1,0.01000313
1,0.01000375
1,0.01000386
1,0.01000422
1,0.01000446
1,0.0100046
1,0.01000509
1,0.01000535
1,0.0100056
1,0.01000571
1,0.01000608
1,0.01000619
1,0.01000623
1,0.01000625
1,0.01000784
1,0.01000787
1,0.01000919
1,0.01000938
1,0.0100094
1,0.01000954
1,0.01000957
1,0.01000975
1,0.0100099
1,0.01001005
1,0.01001044
1,0.01001089
1,0.01001112
1,0.01001139
1,0.01001294
1,0.01001547
1,0.01001624
1,0.010018
1,0.01001897
1,0.0100191
1,0.01001954
1,0.01002166
1,0.01002255
1,0.010023
1,0.01002362
1,0.0100239
1,0.01002585
1,0.01002685
1,0.01002738
1,0.01002809
1,0.01003058
1,0.01003318
1,0.01003344
1,0.010034
1,0.01003422
1,0.01003508
1,0.01003511
1,0.01003669
1,0.010043
1,0.01004317
1,0.01004411
1,0.01004523
1,0.01004798
1,0.01004828
1,0.0100512
1,0.01005314
1,0.0100572
1,0.01005766
1,0.0100602
1,0.0100625
1,0.0100627
1,0.0100629
1,0.01006447
1,0.01006465
1,0.01006586
1,0.01006722
1,0.01006817
1,0.01006831
1,0.01007083
1,0.0100715
1,0.01007226
1,0.01007467
1,0.01007491
1,0.01007658
1,0.010078
1,0.01007838
1,0.01008245
1,0.01008306
1,0.01008467
1,0.01008817
1,0.01008878
1,0.0100894
1,0.0100897
1,0.01009023
1,0.01009095
1,0.01009231
1,0.01009286
1,0.01009601
1,0.0100962
1,0.01009877
1,0.01010143
1,0.010102
1,0.01010232
1,0.01010886
1,0.01011602
1,0.01012166
1,0.01012607
1,0.01012999
1,0.01013122
1,0.01014067
1,0.01014071
1,0.0101426
1,0.01014664
1,0.01016279
1,0.0101655
1,0.0101674
1,0.01017525
1,0.01017993
1,0.01018106
1,0.01018817
1,0.01019091
1,0.01019748
1,0.01020801
1,0.01021463
1,0.01022479
1,0.01023874
1,0.01023897
1,0.01024862
1,0.01025273
1,0.01025276
1,0.01025355
1,0.010254
1,0.01026261
1,0.01026272
1,0.01026825
1,0.01026838
1,0.01029117
1,0.0102996
1,0.01030034
1,0.0103029
1,0.01030346
1,0.01030577
1,0.01030654
1,0.01030949
1,0.01031705
1,0.01032269
1,0.01032555
1,0.01035135
1,0.01036
1,0.01036405
1,0.01036838
1,0.01037095
1,0.01037612
1,0.0103792
1,0.01037992
1,0.01038
1,0.01038195
1,0.01039033
1,0.01039157
1,0.0103944
1,0.01040066
1,0.01040272
1,0.01040532
1,0.0104091
1,0.01041377
1,0.010418
1,0.01042972
1,0.01045334
1,0.01045352
1,0.01045395
1,0.01045882
1,0.01046346
1,0.0104792
1,0.0105088
1,0.01051069
1,0.01051118
1,0.0105174
1,0.01052161
1,0.01055046
1,0.01056
1,0.01056601
1,0.01057123
1,0.0105786
1,0.01059
1,0.01059313
1,0.01059669
1,0.01061229
1,0.0106169
1,0.01063
1,0.01063635
1,0.01064725
1,0.01065135
1,0.01066248
1,0.01066354
1,0.01067031
1,0.01067066
1,0.01068162
1,0.01068616
1,0.010688
1,0.01068943
1,0.01069161
1,0.01069423
1,0.0107
1,0.01070707
1,0.010748
1,0.01076137
1,0.0107614
1,0.01076144
1,0.01076842
1,0.01079032
1,0.01079553
1,0.0108
1,0.01084771
1,0.01085187
1,0.01086662
1,0.01086943
1,0.01088668
1,0.010888
1,0.01090642
1,0.01090858
1,0.010916
1,0.01092247
1,0.01092324
1,0.01092559
1,0.01093944
1,0.010941
1,0.010952
1,0.01095761
1,0.01096866
1,0.0109735
1,0.01097483
1,0.01097794
1,0.0109795
1,0.01098029
1,0.0109861
1,0.01100592
1,0.01101922
1,0.01103
1,0.01103153
1,0.01104213
1,0.01104522
1,0.01104729
1,0.01105411
1,0.01105571
1,0.011057
1,0.01105806
1,0.01106384
1,0.01106828
1,0.01106991
1,0.0110817
1,0.01108375
1,0.01109487
1,0.011104
1,0.01110502
1,0.01110684
1,0.01111506
1,0.01111803
1,0.0111195
1,0.011121
1,0.01113504
1,0.01113772
1,0.011138
1,0.011141
1,0.01114417
1,0.01114517
1,0.01115455
1,0.0111609
1,0.01116193
1,0.01116196
1,0.01116205
1,0.011164
1,0.01117656
1,0.011179
1,0.01118
1,0.011183
1,0.01118744
1,0.01118756
1,0.01118944
1,0.01119
1,0.0111909
1,0.0111916
1,0.0111923
1,0.011193
1,0.01119407
1,0.01119545
1,0.0111957
1,0.0111962
1,0.0111984
1,0.01119903
1,0.01119937
1,0.0112014
1,0.01120172
1,0.0112027
1,0.0112033
1,0.011204
1,0.01121531
1,0.0112165
1,0.01121892
1,0.01122579
1,0.01122588
1,0.01123712
1,0.01124
1,0.01124281
1,0.011251
1,0.01125814
1,0.01128122
1,0.01128409
1,0.01128514
1,0.01130167
1,0.01130239
1,0.01130518
1,0.01131649
1,0.01133376
1,0.01133822
1,0.01134912
1,0.0113797
1,0.01139141
1,0.0114
1,0.01141591
1,0.0114267
1,0.011427
1,0.011449
1,0.01147809
1,0.01148333
1,0.0114996
1,0.0115
1,0.01150102
1,0.01150878
1,0.01151999
1,0.011521
1,0.01152548
1,0.01153
1,0.01153302
1,0.01154471
1,0.01156492
1,0.01158289
1,0.0115859
1,0.0116
1,0.01160494
1,0.01160878
1,0.01168411
1,0.01168577
1,0.01169813
1,0.01170017
1,0.01171526
1,0.01171666
1,0.0117224
1,0.01173804
1,0.01174338
1,0.0117476
1,0.01174786
1,0.0117491
1,0.01175599
1,0.01176089
1,0.01176497
1,0.01177256
1,0.011784
1,0.01180271
1,0.01180404
1,0.01181505
1,0.01186479
1,0.01188928
1,0.0119
1,0.01190395
1,0.0119138
1,0.01193
1,0.01193269
1,0.01193387
1,0.011975
1,0.0120076
1,0.0120444
1,0.012052
1,0.01205935
1,0.01207339
1,0.0120824
1,0.0121
1,0.012109
1,0.01211661
1,0.01224911
1,0.01228515
1,0.01230999
1,0.01231872
1,0.01232952
1,0.012347
1,0.012367
1,0.01238932
1,0.01239637
1,0.0124
1,0.01240382
1,0.012405
1,0.012441
1,0.01244603
1,0.012452
1,0.01246
1,0.01249446
1,0.01250888
1,0.01252298
1,0.012526
1,0.0125261
1,0.01253
1,0.01256644
1,0.01259823
1,0.0126
1,0.01262835
1,0.01263184
1,0.01267816
1,0.012687
1,0.012734
1,0.01274918
1,0.01275041
1,0.0127842
1,0.01279541
1,0.012796
1,0.0128345
1,0.01284
1,0.01284208
1,0.01286249
1,0.0129
1,0.01291547
1,0.01291921
1,0.01298318
1,0.013019
1,0.01302914
1,0.01303
1,0.01303535
1,0.01304
1,0.01305581
1,0.0130622
1,0.01312225
1,0.01312384
1,0.013128
1,0.01314085
1,0.01316949
1,0.01319913
1,0.01324847
1,0.01324879
1,0.01326572
1,0.01328522
1,0.01329444
1,0.0133
1,0.01331023
1,0.013313
1,0.01332761
1,0.013339
1,0.01334816
1,0.01338085
1,0.01338285
1,0.01339224
1,0.0134
1,0.01341373
1,0.01341809
1,0.01342908
1,0.013431
1,0.01343808
1,0.013441
1,0.01344396
1,0.01348333
1,0.01349515
1,0.013529
1,0.013554
1,0.01356212
1,0.01357315
1,0.0136
1,0.0136075
1,0.01366416
1,0.0136878
1,0.01370283
1,0.01373688
1,0.01373755
1,0.01378187
1,0.01378844
1,0.01378938
1,0.01380434
1,0.01382753
1,0.01386803
1,0.01392
1,0.01394179
1,0.01395379
1,0.01395392
1,0.01396094
1,0.01396675
1,0.01398429
1,0.01400235
1,0.01401689
1,0.01401881
1,0.014078
1,0.01408578
1,0.0140967
1,0.01409968
1,0.0141
1,0.01412
1,0.01414804
1,0.01415229
1,0.01420059
1,0.01422603
1,0.01423337
1,0.01424545
1,0.0142531
1,0.014269
1,0.01426952
1,0.0143
1,0.01430033
1,0.01432
1,0.014332
1,0.01433368
1,0.014336
1,0.014349
1,0.01435089
1,0.01435521
1,0.01440692
1,0.01440704
1,0.01440978
1,0.01441407
1,0.01442111
1,0.0144248
1,0.01442784
1,0.01442988
1,0.01443378
1,0.01444127
1,0.01445832
1,0.01451022
1,0.01452059
1,0.01453163
1,0.01454388
1,0.014545
1,0.01455001
1,0.01455881
1,0.01456477
1,0.0146
1,0.0146176
1,0.01464
1,0.01464505
1,0.0147
1,0.01470247
1,0.0147071
1,0.01478556
1,0.01480538
1,0.01482
1,0.01483304
1,0.0148437
1,0.01485001
1,0.01489426
1,0.0149
1,0.01490755
1,0.01492619
1,0.01495297
1,0.01496348
1,0.01501697
1,0.01503357
1,0.0150681
1,0.01506929
1,0.015086
1,0.015108
1,0.01513474
1,0.01513851
1,0.01513942
1,0.01514545
1,0.01518982
1,0.01520532
1,0.01522512
1,0.01523463
1,0.015331
1,0.015342
1,0.01536029
1,0.01536037
1,0.01536807
1,0.01537553
1,0.01541711
1,0.01543454
1,0.015451
1,0.015454
1,0.01547046
1,0.01547959
1,0.01550621
1,0.01552046
1,0.01562461
1,0.01563
1,0.0156431
1,0.01564888
1,0.01566241
1,0.01566484
1,0.01566924
1,0.01566992
1,0.0156703
1,0.015673
1,0.015674
1,0.01567678
1,0.015677
1,0.01569
1,0.0157207
1,0.01575867
1,0.01575932
1,0.0157758
1,0.015792
1,0.015847
1,0.0158635
1,0.0158815
1,0.01590098
1,0.016
1,0.01611841
1,0.01613586
1,0.01616057
1,0.0161717
1,0.0161929
1,0.0162176
1,0.01622
1,0.01624938
1,0.01625039
1,0.0163
1,0.01632827
1,0.0163389
1,0.01635712
1,0.01636708
1,0.01637296
1,0.01639096
1,0.01640108
1,0.01643613
1,0.01644074
1,0.01645473
1,0.01650023
1,0.0165162
1,0.01653
1,0.01663
1,0.01663147
1,0.01663295
1,0.0166464
1,0.016648
1,0.0166486
1,0.01666224
1,0.01666388
1,0.01666667
1,0.0166688
1,0.01667853
1,0.016685
1,0.01669098
1,0.0166912
1,0.016716
1,0.016722
1,0.01674135
1,0.01674928
1,0.0167511
1,0.01676593
1,0.01676765
1,0.01677158
1,0.0167811
1,0.01678845
1,0.01679054
1,0.01679355
1,0.01679669
1,0.0167982
1,0.01679825
1,0.016799
1,0.01680405
1,0.0168062
1,0.01682386
1,0.01683502
1,0.0168631
1,0.016883
1,0.0169
1,0.016904
1,0.01690454
1,0.01694113
1,0.016954
1,0.01698134
1,0.01699771
1,0.0170237
1,0.0170357
1,0.01709788
1,0.01711271
1,0.01720578
1,0.0172158
1,0.01733892
1,0.01734897
1,0.0173956
1,0.017404
1,0.017409
1,0.0174514
1,0.017481
1,0.0175
1,0.01752505
1,0.01754811
1,0.01756106
1,0.01756992
1,0.01764802
1,0.01765038
1,0.01768389
1,0.01768702
1,0.01772065
1,0.01777
1,0.01777652
1,0.01779115
1,0.01779806
1,0.0178
1,0.017814
1,0.0178341
1,0.01788529
1,0.0179
1,0.01791008
1,0.01791893
1,0.01792576
1,0.01798332
1,0.01798793
1,0.0180438
1,0.01804447
1,0.01807155
1,0.01809276
1,0.0181004
1,0.01810361
1,0.01812835
1,0.01813
1,0.0181304
1,0.01818824
1,0.01821932
1,0.01828148
1,0.01830855
1,0.0183424
1,0.01834352
1,0.01834402
1,0.01838214
1,0.0184378
1,0.01846187
1,0.01850158
1,0.01854926
1,0.018594
1,0.01863689
1,0.01872
1,0.01873
1,0.01873281
1,0.01875345
1,0.01882629
1,0.01889827
1,0.0189
1,0.01890701
1,0.01895678
1,0.01896
1,0.0189792
1,0.01898102
1,0.018988
1,0.019
1,0.01900626
1,0.019029
1,0.01902993
1,0.01903354
1,0.01905845
1,0.01906506
1,0.0190808
1,0.01910738
1,0.0191186
1,0.01915376
1,0.01917
1,0.01918002
1,0.01919496
1,0.01923291
1,0.0192403
1,0.0192816
1,0.01928684
1,0.0193048
1,0.01930694
1,0.01933816
1,0.01937247
1,0.01938146
1,0.01943857
1,0.01944
1,0.01944269
1,0.01944444
1,0.01945176
1,0.01945201
1,0.01946924
1,0.01948962
1,0.01954643
1,0.019597
1,0.01961917
1,0.01964154
1,0.01968181
1,0.01968288
1,0.01969352
1,0.01972
1,0.01972263
1,0.01979764
1,0.0198138
1,0.01981667
1,0.01984646
1,0.01987662
1,0.0199
1,0.01990972
1,0.01991981
1,0.02001281
1,0.0200218
1,0.020095
1,0.020097
1,0.0201
1,0.02010365
1,0.02012994
1,0.02013732
1,0.02014051
1,0.0201455
1,0.0201474
1,0.02014884
1,0.02015172
1,0.02019
1,0.0202
1,0.02020667
1,0.02021312
1,0.02023025
1,0.02028
1,0.02028815
1,0.02031052
1,0.02034318
1,0.02036832
1,0.02038412
1,0.02041
1,0.02042157
1,0.02046666
1,0.02047323
1,0.02048001
1,0.02049831
1,0.02060836
1,0.02060888
1,0.02062728
1,0.02063541
1,0.02067962
1,0.02068
1,0.02071337
1,0.02071599
1,0.020717
1,0.02074007
1,0.020765
1,0.02081564
1,0.0208219
1,0.02086133
1,0.02088611
1,0.020887
1,0.02091499
1,0.020954
1,0.02097208
1,0.0209738
1,0.0210559
1,0.02111812
1,0.02111829
1,0.02112082
1,0.02116709
1,0.02119006
1,0.0212
1,0.02121723
1,0.02123514
1,0.02125796
1,0.02126064
1,0.02126088
1,0.02126271
1,0.02126869
1,0.02128783
1,0.021316
1,0.02131756
1,0.02136171
1,0.0214
1,0.0214327
1,0.02144871
1,0.02146984
1,0.02152183
1,0.0215501
1,0.02155978
1,0.02157564
1,0.02158218
1,0.02158701
1,0.02159863
1,0.02162219
1,0.02162254
1,0.02162434
1,0.02166666
1,0.02167541
1,0.0216784
1,0.0216972
1,0.02170426
1,0.021719
1,0.02176938
1,0.0217949
1,0.02180083
1,0.02180813
1,0.021815
1,0.02183254
1,0.02184534
1,0.0218531
1,0.0219
1,0.02190484
1,0.02190682
1,0.021913
1,0.02191666
1,0.02195
1,0.02203762
1,0.02203863
1,0.02205105
1,0.02206064
1,0.02207407
1,0.02208737
1,0.0221
1,0.02211602
1,0.02213493
1,0.02215322
1,0.022168
1,0.02217295
1,0.02217541
1,0.02217664
1,0.02217699
1,0.0221866
1,0.02220101
1,0.022203
1,0.02221684
1,0.022228
1,0.02223819
1,0.02224768
1,0.02225173
1,0.02227492
1,0.022275
1,0.02228653
1,0.0223
1,0.02230728
1,0.02230781
1,0.02231968
1,0.0223238
1,0.0223258
1,0.02234762
1,0.02235111
1,0.02235326
1,0.02236484
1,0.0223752
1,0.02237537
1,0.022376
1,0.02237662
1,0.02237835
1,0.0223796
1,0.02238188
1,0.02238464
1,0.02238952
1,0.02239
1,0.0223908
1,0.0223928
1,0.0223976
1,0.02239767
1,0.022402
1,0.0224044
1,0.022406
1,0.0224066
1,0.0224084
1,0.0224176
1,0.02243501
1,0.02246175
1,0.02249136
1,0.02253352
1,0.02255741
1,0.022569
1,0.02259457
1,0.02261307
1,0.02261994
1,0.02264843
1,0.02265
1,0.02275288
1,0.022804
1,0.02282563
1,0.02282764
1,0.022839
1,0.02285
1,0.02285008
1,0.0229
1,0.02291722
1,0.02291895
1,0.02297283
1,0.02298773
1,0.02298874
1,0.02302371
1,0.0231
1,0.0231574
1,0.02318358
1,0.02320483
1,0.02321079
1,0.023214
1,0.02326362
1,0.02327525
1,0.02328306
1,0.02330175
1,0.02335278
1,0.02335425
1,0.02339027
1,0.023412
1,0.02343186
1,0.02344142
1,0.02345
1,0.02349354
1,0.02349361
1,0.0235273
1,0.02356204
1,0.02356294
1,0.02356362
1,0.02357108
1,0.0236
1,0.02364659
1,0.02366609
1,0.02367881
1,0.02370972
1,0.02371953
1,0.02373937
1,0.02377809
1,0.02381308
1,0.02385
1,0.02389018
1,0.02389993
1,0.023906
1,0.02403766
1,0.0240878
1,0.02409
1,0.02409133
1,0.0240954
1,0.02412755
1,0.02412778
1,0.02414502
1,0.0242
1,0.02432036
1,0.02433607
1,0.02437248
1,0.02438205
1,0.02440058
1,0.02443
1,0.02457061
1,0.02459145
1,0.0246
1,0.02461272
1,0.02461319
1,0.02466161
1,0.02469567
1,0.02481848
1,0.02484027
1,0.02485382
1,0.02489427
1,0.0249
1,0.02499491
1,0.02500031
1,0.025013
1,0.02502167
1,0.02506226
1,0.02507329
1,0.02513681
1,0.02517188
1,0.02517998
1,0.02521702
1,0.02522442
1,0.02522655
1,0.0252745
1,0.02528271
1,0.0253821
1,0.0253873
1,0.02545374
1,0.02548593
1,0.02551809
1,0.02554178
1,0.02555024
1,0.02558507
1,0.02562376
1,0.0256569
1,0.02567169
1,0.02571009
1,0.02571877
1,0.02573332
1,0.0257485
1,0.02575172
1,0.0257648
1,0.02594231
1,0.02595489
1,0.02596367
1,0.0259648
1,0.026
1,0.02600171
1,0.02601107
1,0.02602073
1,0.02614539
1,0.02616
1,0.02619006
1,0.02623374
1,0.02630906
1,0.02633211
1,0.026348
1,0.02638016
1,0.0263906
1,0.026421
1,0.026423
1,0.02648602
1,0.0265
1,0.02652185
1,0.02652538
1,0.02658054
1,0.0265819
1,0.02658608
1,0.02659849
1,0.02659947
1,0.02660118
1,0.02660363
1,0.02660364
1,0.02661676
1,0.02661787
1,0.02662334
1,0.02663968
1,0.02664479
1,0.02665058
1,0.02665728
1,0.02667942
1,0.02669373
1,0.02669662
1,0.0267596
1,0.026762
1,0.02676306
1,0.02676784
1,0.02677245
1,0.02678
1,0.0268
1,0.02683495
1,0.02683574
1,0.02684976
1,0.0268656
1,0.02686616
1,0.02687092
1,0.026885
1,0.02689142
1,0.02689851
1,0.02690642
1,0.02695327
1,0.0269559
1,0.02697866
1,0.02698012
1,0.02699001
1,0.02699368
1,0.02699803
1,0.02702769
1,0.0270753
1,0.027079
1,0.0270951
1,0.02712297
1,0.02713485
1,0.02713981
1,0.02715176
1,0.0271569
1,0.02716465
1,0.02716666
1,0.02717057
1,0.02718333
1,0.02721111
1,0.02722991
1,0.027235
1,0.02726489
1,0.02729439
1,0.02729749
1,0.02730189
1,0.02731
1,0.0273186
1,0.02733655
1,0.02734681
1,0.02738915
1,0.02743612
1,0.02743881
1,0.02744754
1,0.02745419
1,0.0274805
1,0.027492
1,0.02749322
1,0.02751241
1,0.02751693
1,0.02753301
1,0.0275412
1,0.02754606
1,0.0275685
1,0.02756994
1,0.02757605
1,0.02759168
1,0.02760308
1,0.02762
1,0.02763148
1,0.02763704
1,0.02765826
1,0.0276691
1,0.0276768
1,0.027684
1,0.02768973
1,0.02769063
1,0.027696
1,0.02769782
1,0.02771597
1,0.02773247
1,0.02775939
1,0.027816
1,0.02781819
1,0.02782625
1,0.02782654
1,0.02783529
1,0.02783995
1,0.02785143
1,0.02786628
1,0.02786665
1,0.0278713
1,0.027879
1,0.02789214
1,0.0279
1,0.0279025
1,0.02790661
1,0.02793342
1,0.02794139
1,0.0279425
1,0.02794794
1,0.02796859
1,0.027969
1,0.0279775
1,0.02797985
1,0.02798079
1,0.0279825
1,0.02798737
1,0.0279894
1,0.0279905
1,0.027997
1,0.0280165
1,0.0280215
1,0.02802306
1,0.02804063
1,0.02806249
1,0.02806649
1,0.028074
1,0.02812656
1,0.02813429
1,0.02813856
1,0.02815022
1,0.0281531
1,0.02815575
1,0.0281681
1,0.02819503
1,0.0282154
1,0.02823064
1,0.02823531
1,0.0282382
1,0.02825065
1,0.02827363
1,0.02827534
1,0.02832335
1,0.02832605
1,0.0283357
1,0.02834605
1,0.02836263
1,0.02838513
1,0.0283925
1,0.02843087
1,0.02846107
1,0.0284624
1,0.02848005
1,0.02849428
1,0.02850558
1,0.02851424
1,0.02854793
1,0.02857123
1,0.02865158
1,0.02865523
1,0.02865755
1,0.02866385
1,0.028665
1,0.0286881
1,0.02869692
1,0.0287264
1,0.02872954
1,0.02872992
1,0.02873085
1,0.028734
1,0.02875767
1,0.02878305
1,0.02878405
1,0.02879924
1,0.0288305
1,0.0288495
1,0.02887085
1,0.02889084
1,0.02889835
1,0.02890131
1,0.02892273
1,0.02892401
1,0.02892916
1,0.02894356
1,0.02894516
1,0.02894875
1,0.02895491
1,0.02896808
1,0.02898517
1,0.02898558
1,0.02899342
1,0.029
1,0.029039
1,0.02909
1,0.029116
1,0.029125
1,0.02912643
1,0.02915
1,0.02915151
1,0.02915371
1,0.02918604
1,0.02924765
1,0.02926186
1,0.0293
1,0.0293108
1,0.02933604
1,0.029346
1,0.02935909
1,0.02936298
1,0.0294
1,0.029402
1,0.02945429
1,0.02945956
1,0.02952705
1,0.0295293
1,0.02954118
1,0.02956
1,0.02958448
1,0.02959363
1,0.0296
1,0.02960832
1,0.0296155
1,0.02965476
1,0.02969659
1,0.02970408
1,0.02971
1,0.02973911
1,0.0298
1,0.02984
1,0.02988262
1,0.0299
1,0.029925
1,0.02994004
1,0.02994155
1,0.02995581
1,0.03001
1,0.03002749
1,0.03003758
1,0.03005908
1,0.030062
1,0.03006766
1,0.03009
1,0.03012588
1,0.0301628
1,0.03020598
1,0.03020641
1,0.03022
1,0.03023676
1,0.0303
1,0.03030667
1,0.030402
1,0.03041428
1,0.03049
1,0.03065648
1,0.03068014
1,0.0307
1,0.03070336
1,0.03075736
1,0.03075904
1,0.03082378
1,0.03095599
1,0.03095872
1,0.03097782
1,0.03104401
1,0.031051
1,0.03105156
1,0.0310577
1,0.03108
1,0.0311
1,0.03110235
1,0.03118342
1,0.03120646
1,0.03124565
1,0.03127358
1,0.03128
1,0.03129541
1,0.03131128
1,0.03132482
1,0.03143995
1,0.03144006
1,0.031462
1,0.0314724
1,0.03149
1,0.0315
1,0.03150999
1,0.03154716
1,0.03162222
1,0.03166631
1,0.03173031
1,0.03175137
1,0.03184008
1,0.03187912
1,0.0318809
1,0.03189197
1,0.0318985
1,0.03189944
1,0.031911
1,0.031953
1,0.03208108
1,0.0321047
1,0.03212731
1,0.03213123
1,0.03215157
1,0.03218747
1,0.0322126
1,0.03223045
1,0.03224073
1,0.03227972
1,0.03228
1,0.03231082
1,0.03232
1,0.03234807
1,0.03236458
1,0.0324062
1,0.03243513
1,0.03244339
1,0.03247358
1,0.03247652
1,0.03247735
1,0.03253954
1,0.03259914
1,0.03261174
1,0.0326204
1,0.03266505
1,0.03266847
1,0.032673
1,0.03274005
1,0.03275134
1,0.03276666
1,0.0327875
1,0.03289012
1,0.03289253
1,0.0329
1,0.03290068
1,0.03292042
1,0.03293119
1,0.03295949
1,0.0329754
1,0.03299262
1,0.03299767
1,0.03301781
1,0.0331044
1,0.03310681
1,0.03321328
1,0.033234
1,0.03326671
1,0.03331913
1,0.03333222
1,0.033362
1,0.033401
1,0.03341534
1,0.03342649
1,0.03345
1,0.03345037
1,0.03347729
1,0.03352
1,0.03352825
1,0.03355029
1,0.0335623
1,0.03356268
1,0.033571
1,0.033573
1,0.03357695
1,0.03358222
1,0.0335862
1,0.0335871
1,0.03359651
1,0.0336
1,0.03363
1,0.03363895
1,0.03366
1,0.033672
1,0.03368818
1,0.03373022
1,0.03377335
1,0.033804
1,0.03382617
1,0.03397812
1,0.0339932
1,0.034002
1,0.03401041
1,0.03402091
1,0.034028
1,0.03403908
1,0.03420523
1,0.03427723
1,0.03433778
1,0.034352
1,0.03441186
1,0.034544
1,0.0345618
1,0.0345935
1,0.03460375
1,0.0346574
1,0.03468144
1,0.03472193
1,0.03473083
1,0.03478752
1,0.0348
1,0.03493179
1,0.03497079
1,0.03499148
1,0.03503131
1,0.0350318
1,0.03505937
1,0.035218
1,0.035308
1,0.0353956
1,0.03542349
1,0.03547127
1,0.03548187
1,0.0354932
1,0.0355
1,0.035677
1,0.03573
1,0.03577374
1,0.03582
1,0.03591789
1,0.035998
1,0.03607179
1,0.03617783
1,0.03618629
1,0.0362947
1,0.03633579
1,0.03640208
1,0.03640893
1,0.03645601
1,0.03656137
1,0.03662276
1,0.0366297
1,0.03664554
1,0.036699
1,0.03670745
1,0.0367106
1,0.03677161
1,0.03682891
1,0.036835
1,0.03691572
1,0.03698581
1,0.037
1,0.03702068
1,0.03708515
1,0.03717477
1,0.03718445
1,0.03718693
1,0.03719218
1,0.0372295
1,0.0372888
1,0.0373
1,0.03741274
1,0.037479
1,0.03752561
1,0.03757398
1,0.03761194
1,0.03765295
1,0.03767313
1,0.0377197
1,0.03774797
1,0.03775077
1,0.0377942
1,0.037804
1,0.03785
1,0.0379
1,0.03790418
1,0.03799017
1,0.038011
1,0.03808106
1,0.03821994
1,0.03829755
1,0.03833333
1,0.03835239
1,0.03836666
1,0.03843149
1,0.03852763
1,0.03852987
1,0.03854742
1,0.03855979
1,0.03857559
1,0.03858484
1,0.03866461
1,0.03879455
1,0.03882235
1,0.03884261
1,0.03885886
1,0.03888
1,0.038887
1,0.03889304
1,0.03896812
1,0.0390019
1,0.03900572
1,0.03904423
1,0.03907925
1,0.03910005
1,0.03910723
1,0.03911283
1,0.03916
1,0.03916031
1,0.03916303
1,0.0391783
1,0.03918765
1,0.03921155
1,0.0393
1,0.0393531
1,0.03950542
1,0.03953182
1,0.039539
1,0.03956372
1,0.03966557
1,0.03970596
1,0.03971218
1,0.03972483
1,0.03981569
1,0.0398531
1,0.03987325
1,0.03997403
1,0.04010005
1,0.04022421
1,0.04023636
1,0.04025545
1,0.04034088
1,0.040428
1,0.04045961
1,0.04053858
1,0.040582
1,0.0406895
1,0.04073385
1,0.0408
1,0.0408531
1,0.04087784
1,0.04088037
1,0.04088389
1,0.04088439
1,0.04088478
1,0.04092916
1,0.04099425
1,0.041
1,0.04101302
1,0.04103469
1,0.0411
1,0.04113315
1,0.04116158
1,0.041195
1,0.04120101
1,0.0412169
1,0.04130286
1,0.0413347
1,0.04141444
1,0.04142668
1,0.04154801
1,0.04168373
1,0.04172994
1,0.04182686
1,0.04186008
1,0.04187448
1,0.04187473
1,0.04200074
1,0.04201666
1,0.04210227
1,0.04212627
1,0.04214045
1,0.04215902
1,0.0421752
1,0.04222148
1,0.042234
1,0.04227694
1,0.04230678
1,0.04233723
1,0.04239777
1,0.04246836
1,0.0425334
1,0.042665
1,0.04272412
1,0.04279854
1,0.0428813
1,0.04292501
1,0.04293229
1,0.04295324
1,0.04302052
1,0.04303013
1,0.04305666
1,0.04315924
1,0.0431682
1,0.04318242
1,0.0432768
1,0.04343
1,0.0435447
1,0.04362712
1,0.04369053
1,0.04370629
1,0.04373437
1,0.04375106
1,0.04393931
1,0.04402978
1,0.04406305
1,0.04407741
1,0.0441132
1,0.04426846
1,0.04432514
1,0.04432884
1,0.0443459
1,0.044414
1,0.04445415
1,0.04446519
1,0.044507
1,0.0445156
1,0.044594
1,0.0446528
1,0.04466199
1,0.04467065
1,0.04467983
1,0.0447024
1,0.0447058
1,0.0447062
1,0.04472841
1,0.0447504
1,0.044765
1,0.0447676
1,0.04476927
1,0.04477629
1,0.04478309
1,0.044801
1,0.0448112
1,0.0448136
1,0.0448168
1,0.04484
1,0.04484698
1,0.0448774
1,0.04498335
1,0.0450014
1,0.04501356
1,0.04504992
1,0.0452478
1,0.0453081
1,0.045337
1,0.04534302
1,0.04542525
1,0.045455
1,0.04556322
1,0.04558689
1,0.04566123
1,0.04568296
1,0.04575182
1,0.04576506
1,0.04582
1,0.04586505
1,0.0458866
1,0.04595946
1,0.04606
1,0.04619834
1,0.04626635
1,0.04634482
1,0.0464
1,0.04660894
1,0.046762
1,0.0468
1,0.04680406
1,0.04700918
1,0.04709688
1,0.0471
1,0.047273
1,0.04735022
1,0.047374
1,0.04757268
1,0.04758066
1,0.0475969
1,0.04759984
1,0.04760907
1,0.0476889
1,0.047694
1,0.04776135
1,0.0478
1,0.0479
1,0.04799814
1,0.04808238
1,0.04809532
1,0.0481231
1,0.04817161
1,0.0481852
1,0.04824156
1,0.04824829
1,0.04830125
1,0.04838503
1,0.0483903
1,0.048472
1,0.0485
1,0.0485024
1,0.04853009
1,0.04855182
1,0.0485639
1,0.04860078
1,0.048814
1,0.048886
1,0.04892459
1,0.04893814
1,0.04905275
1,0.049084
1,0.04911568
1,0.04916327
1,0.04936651
1,0.04938178
1,0.04939442
1,0.04939557
1,0.0494723
1,0.0495
1,0.04955922
1,0.0495593
1,0.0496048
1,0.04961465
1,0.04969826
1,0.0497062
1,0.04978335
1,0.04983593
1,0.0498531
1,0.04987455
1,0.04991
1,0.04991722
1,0.04998456
1,0.05001172
1,0.05001745
1,0.05002158
1,0.0500308
1,0.05004226
1,0.0500616
1,0.050065
1,0.050102
1,0.050115
1,0.050215
1,0.050216
1,0.05024172
1,0.05024252
1,0.0502634
1,0.05028214
1,0.05028247
1,0.05030927
1,0.050343
1,0.0503478
1,0.05046881
1,0.05050554
1,0.05060367
1,0.05068
1,0.05075962
1,0.050807
1,0.05086125
1,0.050937
1,0.051
1,0.05105616
1,0.0510956
1,0.05115386
1,0.05117772
1,0.05121341
1,0.05125
1,0.05127538
1,0.0512952
1,0.05129938
1,0.05143173
1,0.05152553
1,0.05157778
1,0.05160343
1,0.05161865
1,0.05169655
1,0.05171281
1,0.05175754
1,0.05183859
1,0.05221375
1,0.05226
1,0.052347
1,0.052369
1,0.0524
1,0.05240409
1,0.05240845
1,0.05245856
1,0.05248322
1,0.05248599
1,0.05258
1,0.05261214
1,0.0526881
1,0.05279122
1,0.0528
1,0.05287975
1,0.05298928
1,0.05310576
1,0.05325291
1,0.05326792
1,0.053273
1,0.05337176
1,0.05340743
1,0.05343303
1,0.05347489
1,0.05357753
1,0.0536413
1,0.05371111
1,0.05375717
1,0.053769
1,0.0537878
1,0.05386954
1,0.0539481
1,0.0539551
1,0.0540371
1,0.05410173
1,0.05411355
1,0.0541406
1,0.05428439
1,0.05442809
1,0.0544698
1,0.05448385
1,0.054542
1,0.0546717
1,0.05467253
1,0.05471114
1,0.05478783
1,0.05484
1,0.05489
1,0.0549097
1,0.05493376
1,0.055
1,0.055072
1,0.05509588
1,0.05516281
1,0.05517656
1,0.0551869
1,0.05529376
1,0.05529624
1,0.05531284
1,0.05533
1,0.05536503
1,0.05540105
1,0.05541856
1,0.05542664
1,0.05543191
1,0.055484
1,0.05554444
1,0.055545
1,0.05556725
1,0.05566626
1,0.05567929
1,0.05568
1,0.05568327
1,0.05569852
1,0.0557
1,0.055708
1,0.055721
1,0.055738
1,0.05578944
1,0.055795
1,0.055809
1,0.05581292
1,0.05581732
1,0.05582707
1,0.0558424
1,0.05584459
1,0.05586825
1,0.05587285
1,0.05590246
1,0.05593717
1,0.05593779
1,0.055938
1,0.05594783
1,0.0559545
1,0.055955
1,0.05595846
1,0.055963
1,0.05597725
1,0.055981
1,0.05599
1,0.056
1,0.056016
1,0.05606562
1,0.0561
1,0.05611987
1,0.05612084
1,0.05614316
1,0.0562036
1,0.05630481
1,0.05635658
1,0.05642746
1,0.05647474
1,0.05649854
1,0.05650855
1,0.0565355
1,0.05654789
1,0.05656891
1,0.05666243
1,0.0567
1,0.0568531
1,0.05693134
1,0.05694404
1,0.05701703
1,0.057063
1,0.05707
1,0.05707507
1,0.057129
1,0.0571493
1,0.05715457
1,0.05716271
1,0.057187
1,0.05756418
1,0.057638
1,0.05767933
1,0.0576888
1,0.05774
1,0.05776587
1,0.0577924
1,0.05792456
1,0.05793073
1,0.05802951
1,0.0581204
1,0.05814717
1,0.05817216
1,0.05832721
1,0.05841174
1,0.05844094
1,0.0585
1,0.05853403
1,0.05860757
1,0.058651
1,0.058722
1,0.0588002
1,0.05887393
1,0.058906
1,0.05896762
1,0.05896799
1,0.05907151
1,0.0590731
1,0.05908025
1,0.0591
1,0.05913594
1,0.05917645
1,0.05926311
1,0.0593
1,0.05934092
1,0.0595304
1,0.05961919
1,0.05962345
1,0.05977651
1,0.0598875
1,0.05993508
1,0.05999199
1,0.06013785
1,0.06015046
1,0.0601997
1,0.0602501
1,0.060279
1,0.0603514
1,0.06037582
1,0.06041215
1,0.06044394
1,0.06047075
1,0.0605
1,0.06062812
1,0.06069
1,0.06072
1,0.060791
1,0.06079773
1,0.06084292
1,0.060986
1,0.061
1,0.061018
1,0.06103097
1,0.0610583
1,0.06111382
1,0.0612234
1,0.06128202
1,0.06130998
1,0.06131686
1,0.061375
1,0.06139595
1,0.0614161
1,0.06144147
1,0.06154328
1,0.0616037
1,0.06174128
1,0.06185568
1,0.06188529
1,0.06193952
1,0.06194552
1,0.06210087
1,0.06218356
1,0.062266
1,0.06229
1,0.06231511
1,0.0623557
1,0.06241056
1,0.0625507
1,0.06255913
1,0.06263398
1,0.06295228
1,0.06295384
1,0.063
1,0.06318225
1,0.063233
1,0.06325313
1,0.0638423
1,0.06386387
1,0.06400652
1,0.06405655
1,0.06406794
1,0.06409677
1,0.064111
1,0.064117
1,0.06415304
1,0.06436878
1,0.06446597
1,0.06449288
1,0.065
1,0.06511543
1,0.065117
1,0.065171
1,0.06549
1,0.0655
1,0.065504
1,0.06569358
1,0.06570912
1,0.06571794
1,0.06574483
1,0.06577
1,0.0658
1,0.065859
1,0.066
1,0.06603068
1,0.0660387
1,0.06608665
1,0.06618181
1,0.06635327
1,0.06641723
1,0.06644849
1,0.06664478
1,0.0667
1,0.0667036
1,0.066891
1,0.06691675
1,0.06692174
1,0.06692211
1,0.06697
1,0.067062
1,0.067095
1,0.0671244
1,0.0671418
1,0.0671454
1,0.06715018
1,0.0671577
1,0.0671616
1,0.06716217
1,0.06720957
1,0.0672252
1,0.06727
1,0.06734438
1,0.06763846
1,0.06768205
1,0.0677
1,0.06772013
1,0.0678875
1,0.068
1,0.06822606
1,0.06834344
1,0.0683831
1,0.06846913
1,0.0685
1,0.06898101
1,0.06908072
1,0.06909477
1,0.0690958
1,0.06917271
1,0.06923405
1,0.0692684
1,0.06936188
1,0.06938116
1,0.06958301
1,0.0696892
1,0.0698
1,0.06986
1,0.06998404
1,0.0702
1,0.07039396
1,0.07042962
1,0.07063121
1,0.07068
1,0.0707593
1,0.07098556
1,0.07108843
1,0.071238
1,0.07126697
1,0.07134139
1,0.0716056
1,0.071625
1,0.07169037
1,0.0717627
1,0.071786
1,0.07190352
1,0.07213954
1,0.07236276
1,0.072369
1,0.072394
1,0.07240919
1,0.07269924
1,0.07272915
1,0.0728018
1,0.07292627
1,0.07305312
1,0.07315691
1,0.07316872
1,0.073353
1,0.0733776
1,0.07350419
1,0.07357157
1,0.07385352
1,0.074
1,0.07414189
1,0.07421609
1,0.07438
1,0.074484
1,0.07461155
1,0.07497264
1,0.07510378
1,0.075205
1,0.07520704
1,0.07521682
1,0.07532886
1,0.07550985
1,0.07551064
1,0.07552354
1,0.0755528
1,0.07577182
1,0.07577363
1,0.07579812
1,0.07579989
1,0.07594026
1,0.076
1,0.0760036
1,0.07601247
1,0.07602776
1,0.07607568
1,0.07621468
1,0.07636148
1,0.07637747
1,0.07641105
1,0.07641139
1,0.07648411
1,0.07648431
1,0.076512
1,0.07661166
1,0.07661611
1,0.07662894
1,0.07666584
1,0.07674
1,0.07675535
1,0.0768531
1,0.07699044
1,0.07699949
1,0.07705802
1,0.07708
1,0.07721813
1,0.07726068
1,0.07726785
1,0.07738261
1,0.077435
1,0.077442
1,0.077454
1,0.07749466
1,0.077692
1,0.07772534
1,0.07774268
1,0.07776911
1,0.077836
1,0.07786625
1,0.07798159
1,0.07800572
1,0.07810732
1,0.07812762
1,0.07821445
1,0.07835329
1,0.07839738
1,0.0784217
1,0.07842346
1,0.07848981
1,0.078586
1,0.0787
1,0.07879061
1,0.07898188
1,0.07903629
1,0.0791632
1,0.07923782
1,0.07945526
1,0.0794737
1,0.07949862
1,0.0795075
1,0.07955888
1,0.07967853
1,0.07974186
1,0.079753
1,0.07979578
1,0.07980285
1,0.07992007
1,0.08008973
1,0.08020979
1,0.0802605
1,0.08027139
1,0.08031485
1,0.08039868
1,0.08049536
1,0.08054522
1,0.0806936
1,0.08078921
1,0.0808038
1,0.08081236
1,0.08083
1,0.08093924
1,0.0809838
1,0.081
1,0.08116487
1,0.08119327
1,0.0812
1,0.08135941
1,0.08136077
1,0.08147076
1,0.08147423
1,0.08152281
1,0.08164302
1,0.08171862
1,0.0817594
1,0.08183776
1,0.08193327
1,0.08193714
1,0.082
1,0.08202624
1,0.08236696
1,0.08238344
1,0.08239777
1,0.08255879
1,0.08263
1,0.0827
1,0.08281463
1,0.0828528
1,0.08295061
1,0.08299964
1,0.08303677
1,0.08304741
1,0.0830522
1,0.0830531
1,0.08310075
1,0.08310535
1,0.08311077
1,0.083134
1,0.08334892
1,0.08341168
1,0.08341798
1,0.08352397
1,0.08360575
1,0.08368451
1,0.08378249
1,0.08385779
1,0.0839055
1,0.0839145
1,0.0839152
1,0.083933
1,0.08393925
1,0.08395
1,0.083959
1,0.0839655
1,0.08400714
1,0.08405207
1,0.08411167
1,0.08418504
1,0.08427875
1,0.08434908
1,0.0843505
1,0.08435119
1,0.08441349
1,0.0845
1,0.08452429
1,0.08453298
1,0.08465232
1,0.08469207
1,0.08470192
1,0.08474172
1,0.08474613
1,0.08480138
1,0.08505084
1,0.08507018
1,0.08543501
1,0.08549685
1,0.08550679
1,0.08554189
1,0.08559603
1,0.08568267
1,0.08569194
1,0.08575179
1,0.08585538
1,0.08593751
1,0.08597101
1,0.086239
1,0.0863531
1,0.0863778
1,0.08638911
1,0.08642938
1,0.08643232
1,0.086459
1,0.08648956
1,0.08656973
1,0.08659658
1,0.0866
1,0.08661774
1,0.08667551
1,0.08670766
1,0.08675515
1,0.08676307
1,0.08682729
1,0.08696709
1,0.08703465
1,0.08718918
1,0.0874072
1,0.0875966
1,0.087764
1,0.08783738
1,0.08788051
1,0.08811717
1,0.08820584
1,0.0882062
1,0.08821162
1,0.08821815
1,0.08826833
1,0.08832803
1,0.08837737
1,0.08839688
1,0.08840109
1,0.08841931
1,0.08846736
1,0.0885447
1,0.0885459
1,0.088596
1,0.08867912
1,0.08870952
1,0.08872435
1,0.08872759
1,0.08875145
1,0.08877669
1,0.08880615
1,0.08880736
1,0.08895906
1,0.08899187
1,0.089003
1,0.08903891
1,0.08908314
1,0.08909521
1,0.08916725
1,0.08919916
1,0.08921511
1,0.08938036
1,0.08939303
1,0.08948823
1,0.08949417
1,0.0895008
1,0.08957431
1,0.0895904
1,0.08959068
1,0.08962682
1,0.08966616
1,0.08969796
1,0.08974711
1,0.08983857
1,0.09001877
1,0.09013749
1,0.09024859
1,0.09048188
1,0.09058833
1,0.09061045
1,0.09075954
1,0.0907736
1,0.0908331
1,0.09086867
1,0.09089982
1,0.09097315
1,0.09109246
1,0.09117839
1,0.09133149
1,0.09136685
1,0.09140728
1,0.09148538
1,0.09169547
1,0.09173668
1,0.09178777
1,0.09178947
1,0.09182048
1,0.09196334
1,0.092
1,0.09214624
1,0.09222591
1,0.09226308
1,0.09231166
1,0.09272739
1,0.09275749
1,0.09289713
1,0.09304557
1,0.09310779
1,0.09322966
1,0.09327348
1,0.09354701
1,0.0940281
1,0.09404976
1,0.09417619
1,0.09445454
1,0.094503
1,0.09488626
1,0.0949517
1,0.09497412
1,0.09503731
1,0.0950937
1,0.0951
1,0.09513664
1,0.0951456
1,0.09514686
1,0.0952878
1,0.09539255
1,0.0954224
1,0.09582844
1,0.0958932
1,0.09599563
1,0.096
1,0.09624174
1,0.09626214
1,0.09661006
1,0.09680984
1,0.09702839
1,0.09712419
1,0.097164
1,0.09726742
1,0.09742833
1,0.0975026
1,0.097532
1,0.09753841
1,0.09753909
1,0.09754255
1,0.09759
1,0.09782976
1,0.0979717
1,0.09810032
1,0.09811751
1,0.0983238
1,0.09852253
1,0.09854644
1,0.09863096
1,0.09869129
1,0.09870367
1,0.0987907
1,0.09880272
1,0.09894266
1,0.09899
1,0.09901378
1,0.09907407
1,0.09909913
1,0.09928
1,0.09940039
1,0.0994182
1,0.09943
1,0.09946754
1,0.09954425
1,0.09959006
1,0.09959597
1,0.0996631
1,0.09966806
1,0.09969832
1,0.0997
1,0.09971
1,0.09972
1,0.0997569
1,0.09978784
1,0.09984057
1,0.09998227
1,0.10004
1,0.1001
1,0.100122
1,0.1001453
1,0.10039945
1,0.1005
1,0.10055404
1,0.1005572
1,0.10068972
1,0.10072015
1,0.10074351
1,0.101
1,0.1012289
1,0.10135
1,0.10159993
1,0.101621
1,0.10168
1,0.10180531
1,0.101852
1,0.102
1,0.10213
1,0.102281
1,0.1023822
1,0.10256113
1,0.10257568
1,0.10263915
1,0.10269691
1,0.10297232
1,0.10300146
1,0.10304498
1,0.10308534
1,0.103303
1,0.10335269
1,0.10341797
1,0.1034373
1,0.103528
1,0.10404282
1,0.1040497
1,0.1042316
1,0.10440353
1,0.10485626
1,0.10491
1,0.1049928
1,0.1049937
1,0.105
1,0.1050338
1,0.1050339
1,0.10518694
1,0.10526059
1,0.10533498
1,0.10545877
1,0.105465
1,0.105533
1,0.10559284
1,0.10576395
1,0.10578742
1,0.1058
1,0.10582773
1,0.10592091
1,0.1060083
1,0.106011
1,0.10601665
1,0.10618915
1,0.1062
1,0.10621666
1,0.1062803
1,0.10635224
1,0.10639998
1,0.1064
1,0.10645319
1,0.10650074
1,0.10692832
1,0.10697688
1,0.107
1,0.107092
1,0.107455
1,0.1074594
1,0.10748122
1,0.10763516
1,0.10778621
1,0.10794141
1,0.10825778
1,0.10856055
1,0.10869389
1,0.108701
1,0.10871879
1,0.10879423
1,0.10891309
1,0.108972
1,0.10915
1,0.10919304
1,0.10985552
1,0.11015666
1,0.1103213
1,0.11035554
1,0.11046528
1,0.110542
1,0.1105637
1,0.11059011
1,0.1106003
1,0.110614
1,0.11061666
1,0.11066698
1,0.11072176
1,0.110744
1,0.11079687
1,0.11082131
1,0.1108888
1,0.11089641
1,0.11092435
1,0.11092778
1,0.11097103
1,0.111
1,0.11105436
1,0.11109992
1,0.11111731
1,0.11115441
1,0.111233
1,0.11123692
1,0.11125299
1,0.11133006
1,0.11136
1,0.111377
1,0.11137881
1,0.11142185
1,0.11148066
1,0.111483
1,0.11148347
1,0.11154119
1,0.111607
1,0.11161711
1,0.111629
1,0.1117008
1,0.11170285
1,0.1117101
1,0.11173809
1,0.11179214
1,0.11181807
1,0.11182418
1,0.11182456
1,0.11182792
1,0.111874
1,0.11187559
1,0.11188561
1,0.11189562
1,0.111898
1,0.11189813
1,0.111909
1,0.111923
1,0.111936
1,0.11194197
1,0.111962
1,0.11196202
1,0.111972
1,0.11197205
1,0.11198701
1,0.111988
1,0.11199086
1,0.11199212
1,0.11202285
1,0.112027
1,0.11203097
1,0.11208596
1,0.11223191
1,0.11245525
1,0.11257564
1,0.11285333
1,0.11287
1,0.112987
1,0.11304
1,0.113159
1,0.11322765
1,0.113228
1,0.11376625
1,0.1137871
1,0.11389649
1,0.1138976
1,0.11417953
1,0.11438
1,0.11445902
1,0.11459287
1,0.11467854
1,0.115
1,0.11543305
1,0.1155
1,0.11567869
1,0.115945
1,0.11595
1,0.11607404
1,0.11640798
1,0.1168253
1,0.11691542
1,0.117191
1,0.11720264
1,0.117203
1,0.11736279
1,0.11737693
1,0.11742081
1,0.1174841
1,0.11753137
1,0.11755853
1,0.1176441
1,0.11778
1,0.11809888
1,0.11833486
1,0.11860912
1,0.118833
1,0.1189816
1,0.11908249
1,0.11931408
1,0.11938943
1,0.11950335
1,0.11955578
1,0.119679
1,0.119777
1,0.11987188
1,0.119895
1,0.11990303
1,0.1199998
1,0.1204872
1,0.120552
1,0.12058884
1,0.12070312
1,0.121
1,0.12108153
1,0.12118764
1,0.121358
1,0.12166755
1,0.12170756
1,0.12186793
1,0.122
1,0.1220508
1,0.1221486
1,0.12217705
1,0.12256306
1,0.122705
1,0.1228364
1,0.12287692
1,0.12288968
1,0.12300659
1,0.123092
1,0.12311
1,0.1231868
1,0.12319
1,0.123246
1,0.123507
1,0.12350709
1,0.12356909
1,0.12367946
1,0.12369721
1,0.124
1,0.1240058
1,0.12410638
1,0.1241941
1,0.1242531
1,0.12479039
1,0.12483119
1,0.1250166
1,0.12518968
1,0.12543305
1,0.125662
1,0.1257703
1,0.125815
1,0.12582692
1,0.12634687
1,0.1265
1,0.126799
1,0.12683327
1,0.12732768
1,0.12759976
1,0.1277855
1,0.12778931
1,0.12792084
1,0.12806379
1,0.1281938
1,0.1283754
1,0.1285
1,0.12868062
1,0.12885284
1,0.1289426
1,0.12897855
1,0.1293012
1,0.12937832
1,0.12949988
1,0.1295
1,0.12988286
1,0.13011787
1,0.13062697
1,0.1307868
1,0.130947
1,0.131
1,0.13104154
1,0.13120626
1,0.1312931
1,0.1313
1,0.13150127
1,0.131699
1,0.132
1,0.13207
1,0.13218422
1,0.13225568
1,0.1328531
1,0.133
1,0.13306897
1,0.13309542
1,0.13315301
1,0.13318567
1,0.13323478
1,0.13326572
1,0.133318
1,0.133335
1,0.13347456
1,0.13362213
1,0.133637
1,0.13392137
1,0.13398941
1,0.13425071
1,0.13426037
1,0.13434488
1,0.13438602
1,0.13460148
1,0.134653
1,0.134674
1,0.13475273
1,0.13492574
1,0.136
1,0.13618152
1,0.13629034
1,0.13733387
1,0.13777463
1,0.13803162
1,0.1381455
1,0.13820435
1,0.13827434
1,0.138393
1,0.1387
1,0.13879905
1,0.13890506
1,0.13898772
1,0.13937733
1,0.139394
1,0.13945117
1,0.13950877
1,0.13964533
1,0.13976338
1,0.13976468
1,0.13983762
1,0.13984293
1,0.13988317
1,0.13990576
1,0.140127
1,0.1403
1,0.140456
1,0.14074697
1,0.14140692
1,0.14191488
1,0.14229339
1,0.1423301
1,0.14245246
1,0.14283477
1,0.1428396
1,0.14311759
1,0.14321
1,0.14334352
1,0.14337066
1,0.14376182
1,0.1439864
1,0.14399815
1,0.144
1,0.144083
1,0.144172
1,0.14455153
1,0.14473144
1,0.14497067
1,0.145485
1,0.14559953
1,0.14602218
1,0.14606614
1,0.14651886
1,0.14657351
1,0.14667504
1,0.147
1,0.14725869
1,0.14728
1,0.147394
1,0.14746847
1,0.147636
1,0.1476488
1,0.148
1,0.14891497
1,0.14892488
1,0.149
1,0.14925
1,0.150002
1,0.15009909
1,0.15026036
1,0.150545
1,0.15066964
1,0.15076928
1,0.15080949
1,0.15095
1,0.15101996
1,0.1510924
1,0.15117316
1,0.15117462
1,0.15133585
1,0.15168269
1,0.15220538
1,0.15256448
1,0.15334665
1,0.153412
1,0.1535646
1,0.154
1,0.15443721
1,0.15456505
1,0.15458876
1,0.15462012
1,0.15469478
1,0.15470746
1,0.15498888
1,0.15524983
1,0.15553866
1,0.1556483
1,0.15581224
1,0.15585046
1,0.155904
1,0.15590559
1,0.15595596
1,0.15618983
1,0.156236
1,0.15628
1,0.156863
1,0.15694
1,0.15700129
1,0.15708611
1,0.1572
1,0.157266
1,0.1574
1,0.15742855
1,0.15789778
1,0.158
1,0.15822956
1,0.1583926
1,0.15859149
1,0.15869052
1,0.159
1,0.15900724
1,0.15942858
1,0.15949052
1,0.15963
1,0.15981
1,0.15994749
1,0.1599665
1,0.16019792
1,0.1602605
1,0.1602926
1,0.16058427
1,0.16115785
1,0.16125716
1,0.16146667
1,0.16154907
1,0.16207418
1,0.16233818
1,0.16240021
1,0.16249254
1,0.16296852
1,0.16314602
1,0.16319421
1,0.16325288
1,0.16369998
1,0.16442157
1,0.16447045
1,0.1648
1,0.16491314
1,0.164934
1,0.16500919
1,0.16514865
1,0.1656705
1,0.1661544
1,0.16661668
1,0.16666667
1,0.16675746
1,0.16683538
1,0.16702112
1,0.16719071
1,0.167377
1,0.16751724
1,0.167811
1,0.16788476
1,0.16798
1,0.16799
1,0.16802061
1,0.16805948
1,0.16813436
1,0.16826732
1,0.168334
1,0.16848
1,0.16877003
1,0.16910965
1,0.1692
1,0.16958929
1,0.17008972
1,0.1700906
1,0.17011232
1,0.1702
1,0.17022705
1,0.1702375
1,0.17028748
1,0.1704
1,0.17076195
1,0.17202159
1,0.17248512
1,0.17259505
1,0.17266705
1,0.17284102
1,0.17299358
1,0.173
1,0.17308309
1,0.1732879
1,0.17340377
1,0.17347616
1,0.17356557
1,0.174
1,0.17417538
1,0.17428
1,0.17431687
1,0.1743829
1,0.17454056
1,0.17596512
1,0.1762831
1,0.1776324
1,0.17764792
1,0.17777
1,0.17786374
1,0.17796238
1,0.17800141
1,0.17826553
1,0.17837142
1,0.17866
1,0.1791984
1,0.17927799
1,0.17931222
1,0.17932053
1,0.17950403
1,0.17985103
1,0.18000099
1,0.1800508
1,0.18062123
1,0.1808486
1,0.18091767
1,0.18098179
1,0.18116238
1,0.18117637
1,0.18134143
1,0.18146686
1,0.18152174
1,0.18222614
1,0.18240715
1,0.18266022
1,0.18282922
1,0.1828337
1,0.18292771
1,0.1830844
1,0.18311034
1,0.18332697
1,0.18337372
1,0.18339799
1,0.1835
1,0.18355336
1,0.18370687
1,0.18412529
1,0.1843145
1,0.18439237
1,0.1845921
1,0.18485445
1,0.18523444
1,0.185255
1,0.18538345
1,0.18541868
1,0.1864
1,0.18641996
1,0.18712621
1,0.1877427
1,0.18795123
1,0.18860521
1,0.188649
1,0.1886555
1,0.18899428
1,0.189
1,0.18948992
1,0.18952259
1,0.18967912
1,0.1897062
1,0.19
1,0.19009552
1,0.19030039
1,0.19055421
1,0.19069822
1,0.191809
1,0.19215
1,0.19218975
1,0.1925
1,0.19259259
1,0.19281664
1,0.1929112
1,0.19294434
1,0.19325598
1,0.19440134
1,0.19471027
1,0.19564556
1,0.19571812
1,0.196
1,0.19640385
1,0.19670996
1,0.1970428
1,0.1970776
1,0.19724399
1,0.19779359
1,0.1978
1,0.19780106
1,0.197842
1,0.19822
1,0.1986
1,0.19948834
1,0.1995
1,0.19966457
1,0.19973844
1,0.19973937
1,0.20024
1,0.20059851
1,0.2006866
1,0.20070133
1,0.20083969
1,0.20095565
1,0.2013768
1,0.20152154
1,0.20152794
1,0.20165737
1,0.2020158
1,0.20246426
1,0.2025054
1,0.20256332
1,0.2032469
1,0.20336573
1,0.2034
1,0.20346844
1,0.20388719
1,0.204518
1,0.20467609
1,0.20480709
1,0.20502118
1,0.20519591
1,0.20540419
1,0.2055
1,0.20601751
1,0.2061962
1,0.20659051
1,0.206961
1,0.206969
1,0.20699548
1,0.20703239
1,0.20710887
1,0.2075
1,0.207792
1,0.20787202
1,0.2083652
1,0.208445
1,0.209821
1,0.20996323
1,0.21
1,0.210662
1,0.2106668
1,0.21071969
1,0.21080011
1,0.21109
1,0.2113711
1,0.21154
1,0.211612
1,0.212
1,0.212747
1,0.21295415
1,0.21303088
1,0.21407673
1,0.21453
1,0.214597
1,0.21482617
1,0.21501196
1,0.2151
1,0.215104
1,0.21591112
1,0.21597853
1,0.21609927
1,0.21629666
1,0.21643482
1,0.216453
1,0.21652674
1,0.21676029
1,0.21709251
1,0.21753317
1,0.218
1,0.21801804
1,0.21869652
1,0.21913789
1,0.21933677
1,0.2196531
1,0.21977578
1,0.22013
1,0.22040104
1,0.2206
1,0.2210591
1,0.22133
1,0.22151895
1,0.221853
1,0.22233
1,0.22284371
1,0.22310939
1,0.2233829
1,0.22366442
1,0.22376722
1,0.223768
1,0.22384636
1,0.22387391
1,0.22395046
1,0.223956
1,0.224
1,0.2242811
1,0.22431754
1,0.22432758
1,0.2246458
1,0.224843
1,0.22489657
1,0.225
1,0.22507324
1,0.225135
1,0.22535292
1,0.2261
1,0.22618252
1,0.22641509
1,0.22663384
1,0.22825707
1,0.2283
1,0.22857048
1,0.2292
1,0.22946712
1,0.23
1,0.230103
1,0.23013
1,0.23029156
1,0.23264335
1,0.2328243
1,0.23332798
1,0.23373918
1,0.234
1,0.2342252
1,0.23434692
1,0.23487095
1,0.2349
1,0.23535288
1,0.23540424
1,0.23553277
1,0.2358846
1,0.23620395
1,0.23714856
1,0.23727676
1,0.237324
1,0.23752705
1,0.2376
1,0.23760709
1,0.23764687
1,0.23853828
1,0.23863742
1,0.23869495
1,0.238944
1,0.23963211
1,0.2399
1,0.24
1,0.2400336
1,0.240765
1,0.24078802
1,0.2412
1,0.24120065
1,0.24131171
1,0.24159
1,0.242121
1,0.24214687
1,0.24277841
1,0.24282211
1,0.24330275
1,0.2438331
1,0.24391326
1,0.2443842
1,0.24555969
1,0.24570747
1,0.24608809
1,0.2462611
1,0.2462726
1,0.24639524
1,0.24677707
1,0.24730107
1,0.2478791
1,0.24795966
1,0.24874303
1,0.24984364
1,0.2498531
1,0.25031656
1,0.2505692
1,0.25090987
1,0.25119077
1,0.2515878
1,0.251864
1,0.25188594
1,0.25237632
1,0.25273816
1,0.25349008
1,0.2534905
1,0.25455502
1,0.25468257
1,0.255
1,0.2552531
1,0.2553
1,0.25598535
1,0.2564947
1,0.2570963
1,0.2575
1,0.2575724
1,0.25777266
1,0.2581
1,0.25816441
1,0.25822431
1,0.258545
1,0.25861081
1,0.25971324
1,0.25973328
1,0.25981107
1,0.26003672
1,0.26030634
1,0.2607489
1,0.26085966
1,0.2614087
1,0.26205
1,0.26247241
1,0.26259698
1,0.26276354
1,0.2628306
1,0.263
1,0.26331931
1,0.2642647
1,0.26543622
1,0.265539
1,0.265693
1,0.26571344
1,0.26616749
1,0.2664559
1,0.26676919
1,0.26726304
1,0.268
1,0.26819022
1,0.2682166
1,0.2684834
1,0.26850389
1,0.26891997
1,0.26947675
1,0.26978825
1,0.27024076
1,0.27024434
1,0.2704834
1,0.27065286
1,0.27253481
1,0.27284534
1,0.27346326
1,0.2742775
1,0.2744553
1,0.27464617
1,0.27568439
1,0.27601131
1,0.27652638
1,0.27676336
1,0.27728061
1,0.27819369
1,0.27873238
1,0.279
1,0.2791113
1,0.27927
1,0.27929249
1,0.27933112
1,0.27934757
1,0.2794545
1,0.279685
1,0.2798025
1,0.27988625
1,0.28
1,0.2802668
1,0.280789
1,0.28128726
1,0.28134711
1,0.28143486
1,0.28182631
1,0.28193095
1,0.28244
1,0.28339973
1,0.28442996
1,0.28516977
1,0.2856656
1,0.285721
1,0.28589706
1,0.28604533
1,0.28640274
1,0.28641804
1,0.28659755
1,0.28711
1,0.28746068
1,0.2876006
1,0.28789154
1,0.28829557
1,0.2889626
1,0.28901222
1,0.2891536
1,0.2895
1,0.289536
1,0.2898
1,0.28994472
1,0.29016498
1,0.29114965
1,0.2917
1,0.29193565
1,0.29205076
1,0.29235881
1,0.29329019
1,0.29420952
1,0.29616581
1,0.29621834
1,0.29647696
1,0.29733217
1,0.297738
1,0.29796746
1,0.29811566
1,0.298472
1,0.29872674
1,0.29878133
1,0.2995
1,0.2995593
1,0.299842
1,0.30031727
1,0.300832
1,0.30095133
1,0.301445
1,0.3020301
1,0.30231838
1,0.3023674
1,0.3033733
1,0.3043139
1,0.30437128
1,0.304458
1,0.304736
1,0.305
1,0.305416
1,0.30559363
1,0.30578804
1,0.30603835
1,0.30658232
1,0.30660679
1,0.3069
1,0.3073
1,0.30765444
1,0.30800752
1,0.30832586
1,0.30967379
1,0.30987555
1,0.31246859
1,0.31315124
1,0.31508276
1,0.31513502
1,0.31551
1,0.3169662
1,0.3170422
1,0.3175656
1,0.317688
1,0.31773505
1,0.31789841
1,0.31931
1,0.31956235
1,0.32005437
1,0.32047925
1,0.32085976
1,0.32162811
1,0.32205327
1,0.32256569
1,0.3228626
1,0.32298669
1,0.3238574
1,0.32386986
1,0.32430162
1,0.324675
1,0.32484626
1,0.32564097
1,0.325694
1,0.3259
1,0.32609759
1,0.32632753
1,0.32642228
1,0.3266377
1,0.32792347
1,0.32974662
1,0.32983747
1,0.33002527
1,0.33004875
1,0.33021467
1,0.33044335
1,0.3310797
1,0.33149538
1,0.332226
1,0.33298185
1,0.333
1,0.333702
1,0.33452357
1,0.33475772
1,0.3349
1,0.33511817
1,0.33562678
1,0.335769
1,0.33596
1,0.336536
1,0.33705913
1,0.337075
1,0.337213
1,0.33784751
1,0.33803636
1,0.33842014
1,0.3387474
1,0.3392
1,0.33933696
1,0.33938442
1,0.33948766
1,0.33963419
1,0.3406786
1,0.3408128
1,0.34120626
1,0.34131451
1,0.34232426
1,0.34273424
1,0.34325101
1,0.34355
1,0.34378044
1,0.34442333
1,0.34475222
1,0.3449624
1,0.34591602
1,0.34596546
1,0.34597492
1,0.3462849
1,0.34681
1,0.34852134
1,0.34891585
1,0.34989363
1,0.35020223
1,0.35199023
1,0.352504
1,0.35293862
1,0.35330829
1,0.354
1,0.354025
1,0.35407143
1,0.35414381
1,0.35460154
1,0.35516011
1,0.35544398
1,0.35551148
1,0.35646411
1,0.35683383
1,0.35687451
1,0.356879
1,0.35737626
1,0.35782196
1,0.358484
1,0.36
1,0.36084106
1,0.36307205
1,0.36338832
1,0.36360791
1,0.36399545
1,0.36407308
1,0.36555181
1,0.36676339
1,0.3670186
1,0.36843803
1,0.36849838
1,0.36883476
1,0.36884679
1,0.3697
1,0.37130647
1,0.371619
1,0.37214593
1,0.37249249
1,0.3736394
1,0.37432952
1,0.3747791
1,0.37515263
1,0.37522207
1,0.37569486
1,0.37619937
1,0.377
1,0.37701621
1,0.37867788
1,0.3794075
1,0.37972408
1,0.38
1,0.38055683
1,0.38058818
1,0.38106363
1,0.38150978
1,0.38165729
1,0.38176127
1,0.38290059
1,0.3833
1,0.38349356
1,0.38454744
1,0.385
1,0.38504915
1,0.38518061
1,0.38594687
1,0.38695405
1,0.38766672
1,0.38802
1,0.38814957
1,0.38817581
1,0.388926
1,0.38901901
1,0.38929366
1,0.3897837
1,0.390198
1,0.39053954
1,0.39077494
1,0.39156
1,0.39184184
1,0.39207779
1,0.3921155
1,0.39269553
1,0.39284845
1,0.3931
1,0.39394
1,0.39404973
1,0.39421997
1,0.39582847
1,0.39585747
1,0.39589893
1,0.39597802
1,0.39781768
1,0.39827837
1,0.398921
1,0.39926411
1,0.3995
1,0.39960872
1,0.39973538
1,0.39989584
1,0.40066487
1,0.40077142
1,0.40153053
1,0.40179954
1,0.40337
1,0.405
1,0.4050176
1,0.40572463
1,0.40625894
1,0.407
1,0.40755983
1,0.40967616
1,0.40973734
1,0.4099337
1,0.41
1,0.4104937
1,0.41164072
1,0.41179438
1,0.41202707
1,0.41208225
1,0.41477098
1,0.4162
1,0.41695077
1,0.41775856
1,0.41784878
1,0.41820375
1,0.4187724
1,0.41935487
1,0.419522
1,0.42
1,0.42026598
1,0.42038069
1,0.4208008
1,0.42235231
1,0.42253521
1,0.42351
1,0.42732038
1,0.42768522
1,0.42892836
1,0.42942191
1,0.42982945
1,0.43
1,0.43266156
1,0.43599012
1,0.436
1,0.437312
1,0.43748396
1,0.43755738
1,0.43812972
1,0.43879
1,0.43987982
1,0.44170861
1,0.4439573
1,0.44526648
1,0.4455
1,0.44610384
1,0.44659203
1,0.44715
1,0.44749737
1,0.44781801
1,0.44925872
1,0.4495
1,0.45
1,0.45018317
1,0.45051212
1,0.450583
1,0.4520772
1,0.45285469
1,0.453329
1,0.45433837
1,0.45463289
1,0.45689958
1,0.4572239
1,0.45736172
1,0.45742083
1,0.45865084
1,0.459
1,0.4590137
1,0.46008846
1,0.4602
1,0.46214869
1,0.4625051
1,0.46360933
1,0.46387381
1,0.467
1,0.4672318
1,0.46860007
1,0.469
1,0.4692934
1,0.469623
1,0.46966235
1,0.47
1,0.471
1,0.47192554
1,0.47423136
1,0.47448234
1,0.47606576
1,0.47700759
1,0.477158
1,0.4782174
1,0.4792289
1,0.47923164
1,0.479428
1,0.4794314
1,0.4798576
1,0.48055567
1,0.48070106
1,0.48311554
1,0.48349
1,0.48364184
1,0.48448092
1,0.487
1,0.48720675
1,0.48884663
1,0.4905
1,0.49093884
1,0.4922062
1,0.49289
1,0.4931723
1,0.4933742
1,0.4938
1,0.49459554
1,0.49471413
1,0.4955
1,0.4971732
1,0.49750661
1,0.49797747
1,0.49944815
1,0.4996531
1,0.4998531
1,0.5003
1,0.50038267
1,0.50297268
1,0.50355186
1,0.503721
1,0.50373322
1,0.5039622
1,0.507302
1,0.50756093
1,0.50801023
1,0.50836173
1,0.509
1,0.50905473
1,0.51013246
1,0.51158975
1,0.5119
1,0.51251918
1,0.51533603
1,0.51572241
1,0.51756901
1,0.51769453
1,0.52120369
1,0.52335236
1,0.52652736
1,0.5271
1,0.52817968
1,0.52857789
1,0.52923647
1,0.5295
1,0.52958915
1,0.5302866
1,0.53224573
1,0.5325555
1,0.534
1,0.5351
1,0.53543931
1,0.53593683
1,0.53651613
1,0.53993138
1,0.5399423
1,0.54044141
1,0.54048977
1,0.540978
1,0.54159327
1,0.54194
1,0.54294835
1,0.544286
1,0.5458868
1,0.54632
1,0.54748085
1,0.54764694
1,0.54882014
1,0.55004866
1,0.55479502
1,0.554945
1,0.555
1,0.55518395
1,0.55521626
1,0.556161
1,0.5563418
1,0.55756785
1,0.5579444
1,0.558235
1,0.5584661
1,0.55942
1,0.55958
1,0.55964586
1,0.5601676
1,0.5605944
1,0.56061
1,0.56063922
1,0.56086881
1,0.56118472
1,0.56192903
1,0.562779
1,0.56304705
1,0.56342648
1,0.56476
1,0.565159
1,0.5653186
1,0.56572824
1,0.56606404
1,0.567
1,0.56771041
1,0.56784754
1,0.56825627
1,0.5683446
1,0.568562
1,0.56901163
1,0.5692324
1,0.56951474
1,0.57
1,0.57348004
1,0.57555829
1,0.57755525
1,0.5777155
1,0.5782456
1,0.57983014
1,0.58035934
1,0.58206518
1,0.58584396
1,0.587391
1,0.5889
1,0.58892023
1,0.58894423
1,0.58908
1,0.5915096
1,0.593315
1,0.59468304
1,0.59696615
1,0.59817393
1,0.5997
1,0.60004324
1,0.60214041
1,0.60334687
1,0.60335773
1,0.6039
1,0.60457794
1,0.606884
1,0.60731576
1,0.609
1,0.61039
1,0.61062679
1,0.6112
1,0.613304
1,0.61497304
1,0.615328
1,0.61536399
1,0.6155
1,0.61689906
1,0.61815
1,0.61934288
1,0.6196831
1,0.62005201
1,0.6213
1,0.62551256
1,0.62574097
1,0.62647934
1,0.63263126
1,0.63618728
1,0.63737119
1,0.6381
1,0.63985805
1,0.6402264
1,0.641595
1,0.64416187
1,0.64491204
1,0.64542348
1,0.64789139
1,0.64857085
1,0.65128983
1,0.65172984
1,0.65234054
1,0.65534686
1,0.6589
1,0.6594683
1,0.66186676
1,0.66234092
1,0.66237844
1,0.66240793
1,0.66413214
1,0.665
1,0.66535075
1,0.66552212
1,0.66575402
1,0.66768718
1,0.66793479
1,0.6685546
1,0.669535
1,0.67019297
1,0.67092553
1,0.6713758
1,0.6716
1,0.67475724
1,0.6754922
1,0.67882609
1,0.6833954
1,0.68469302
1,0.68626709
1,0.68657527
1,0.68832576
1,0.68872414
1,0.6898531
1,0.69079
1,0.69402008
1,0.7003
1,0.70173349
1,0.70235867
1,0.70741001
1,0.70979872
1,0.71120277
1,0.71218236
1,0.71237688
1,0.7127077
1,0.71682874
1,0.718
1,0.719839
1,0.72256351
1,0.72281867
1,0.7229
1,0.72471785
1,0.725
1,0.72526838
1,0.7275495
1,0.7279243
1,0.72866351
1,0.729
1,0.72975
1,0.72992999
1,0.73165
1,0.731697
1,0.73198341
1,0.73372863
1,0.73567238
1,0.73589368
1,0.7405532
1,0.74418482
1,0.74735858
1,0.75081536
1,0.7521948
1,0.7525
1,0.75292961
1,0.7536131
1,0.75362842
1,0.75654842
1,0.7596685
1,0.75974691
1,0.76055352
1,0.76108416
1,0.76143663
1,0.76416463
1,0.7647205
1,0.76681854
1,0.76703499
1,0.76712304
1,0.76809192
1,0.77140102
1,0.7718338
1,0.77198029
1,0.77204472
1,0.77212541
1,0.7729579
1,0.77605766
1,0.77825453
1,0.77908219
1,0.78090154
1,0.782931
1,0.78296421
1,0.78404206
1,0.7858
1,0.78670629
1,0.789729
1,0.79043
1,0.79530108
1,0.79791717
1,0.7984491
1,0.7986531
1,0.7995
1,0.80121187
1,0.80142936
1,0.801831
1,0.8054
1,0.80741861
1,0.81107084
1,0.81109804
1,0.81169534
1,0.81174725
1,0.818092
1,0.81901528
1,0.82
1,0.82141206
1,0.8241804
1,0.82437682
1,0.8268
1,0.828488
1,0.83260442
1,0.83445413
1,0.83631103
1,0.83715429
1,0.83906695
1,0.8391
1,0.84168994
1,0.84226937
1,0.8429706
1,0.8434
1,0.84355967
1,0.84692418
1,0.85197552
1,0.8575464
1,0.86
1,0.860919
1,0.86175589
1,0.86763191
1,0.86896072
1,0.869
1,0.8692
1,0.87053419
1,0.87058811
1,0.87166615
1,0.87169479
1,0.87249988
1,0.8729435
1,0.8741256
1,0.87421295
1,0.87516224
1,0.875762
1,0.88
1,0.8837869
1,0.8867116
1,0.88912023
1,0.88952144
1,0.89059318
1,0.8965
1,0.8977965
1,0.89826021
1,0.899
1,0.899027
1,0.8994036
1,0.899448
1,0.8998531
1,0.9039081
1,0.90436137
1,0.90679203
1,0.90728
1,0.91074043
1,0.9125545
1,0.91421111
1,0.91665005
1,0.91796131
1,0.9267
1,0.9313696
1,0.93179474
1,0.93188489
1,0.93354673
1,0.9383189
1,0.93939954
1,0.93976269
1,0.9426978
1,0.9483532
1,0.9488531
1,0.9496531
1,0.9499
1,0.9499464
1,0.95093191
1,0.95125926
1,0.95510483
1,0.95537797
1,0.9598
1,0.96459687
1,0.96747864
1,0.96993134
1,0.97016896
1,0.97048239
1,0.97087974
1,0.971984
1,0.9731655
1,0.9738408
1,0.97469
1,0.97590801
1,0.97895603
1,0.97991067
1,0.98
1,0.981858
1,0.98259705
1,0.9839
1,0.98405588
1,0.9854
1,0.98658005
1,0.9876423
1,0.98829821
1,0.9891423
1,0.99476469
1,0.9952449
1,0.99715273
1,0.999
1,0.9993162
1,0.9995
1,0.9995138
1,0.99973816
1,0.9998
1,0.9999999
1,1000.0
1,1.00084323
1,1.001
1,1.00314672
1,1.00429063
1,1.0066931
1,100.80338502
1,100.8388544
1,100.85621665
1,1.00857
1,1.00951331
1,1.01057023
1,10.12281383
1,1.01337546
1,1.01571598
1,1.016
1,1.0176779
1,1.01771954
1,1.01802024
1,1.01828437
1,10.18935384
1,10.22327574
1,1.022e-05
1,1.0260285
1,1.0284692
1,1.0295
1,1.0300631
1,1.03117371
1,10.3149004
1,1.03185375
1,1.03205907
1,1.03227235
1,1.03253962
1,10.32631144
1,1.03388065
1,1.03454388
1,1.03912579
1,1.04299323
1,1.04315
1,1.04360743
1,1.04494221
1,1.04584886
1,1.0466457
1,1.048
1,1.04855147
1,1.05021228
1,10.50738224
1,1.05279152
1,10.587
1,1.06010813
1,10.60728859
1,1.063037
1,1.0661223
1,1.06759
1,1.0696173
1,10.70409935
1,1.07147242
1,1.07171018
1,1.07649111
1,1.0796724
1,10.8
1,10.83375521
1,1.0845704
1,10.85111275
1,1.08682456
1,1.09231694
1,1.09298641
1,1.09537032
1,1.09642198
1,1.09654256
1,1.0968609
1,1.09825373
1,1.1
1,1.1000784
1,1.10087299
1,1.10264597
1,1.10424965
1,1.11386752
1,1.11560794
1,1.11597
1,1.11607143
1,1.1175
1,1.11876
1,1.11949354
1,1.12014696
1,1.12064
1,1.1241
1,1.12416631
1,1.12e-05
1,1.13422806
1,1.13984998
1,1.14344942
1,1.14405586
1,1.14704753
1,1.1477
1,1.1499044
1,1.156135
1,1.15648726
1,1.15876364
1,1.16127885
1,1.16624568
1,1.16696307
1,1.16834032
1,1.1722
1,1.1757328
1,1.18105489
1,1.18340147
1,1.18844663
1,1.19235016
1,1.19274135
1,1.19370236
1,1.19507077
1,1.2
1,1.20096247
1,1.202506
1,1.203182
1,1.20865587
1,1.21608094
1,1.21647332
1,1.21841512
1,1.22120946
1,1.2219
1,1.2222358
1,1.22529735
1,1.22994689
1,1.231109
1,1.23744288
1,1.23989548
1,1.2474781
1,1.2483
1,1.25
1,1.25546
1,1.26054493
1,1.265e-05
1,1.26629499
1,1.26736242
1,1.27073407
1,1.2753897
1,1.28296516
1,1.286
1,1.29088594
1,1.2957862
1,1.29760942
1,1.29785001
1,1.2999
1,1.30768181
1,1.31914408
1,1.32731613
1,1.3287441
1,1.33
1,1.33046308
1,1.33428399
1,1.336496
1,1.34924884
1,1.35
1,1.3513576
1,1.35627607
1,1.3581186
1,1.36359396
1,1.36385775
1,1.36563828
1,1.3674277
1,1.3684619
1,1.3799532
1,1.381782
1,1.38477576
1,1.38566407
1,1.3903236
1,1.3922
1,1.39423
1,1.39705299
1,1.40120516
1,1.4045
1,1.40759943
1,1.41356854
1,1.41519993
1,1.4185
1,1.421381
1,1.4222
1,1.4240484
1,1.425e-05
1,1.4298451
1,1.43004775
1,1.44191181
1,1.4459
1,1.44674
1,1.45911979
1,1.46117969
1,1.46678247
1,1.47015392
1,1.47205288
1,1.47914596
1,1.4802872
1,1.4885474
1,1.488861
1,1.49
1,1.50827934
1,1.5088304
1,1.51142659
1,1.51306293
1,1.52871731
1,1.5338173
1,1.53981661
1,1.54118826
1,1.55452493
1,1.55671512
1,1.55891987
1,1.56072261
1,1.56624692
1,1.56720147
1,1.56849729
1,1.570274
1,1.57370593
1,1.58244627
1,1.59012219
1,1.59321698
1,1.59398
1,1.60467278
1,1.60599758
1,1.60627405
1,1.61204568
1,1.61371078
1,1.61529426
1,1.63896282
1,1.64092485
1,1.64143111
1,1.64725503
1,1.64858098
1,1.64927506
1,1.65
1,1.65393907
1,1.66101946
1,1.664
1,1.67
1,1.6752
1,1.67546095
1,1.67628312
1,1.68190421
1,1.6822813
1,1.6833427
1,1.70636
1,1.70919909
1,1.71025056
1,1.71085076
1,1.72
1,1.72387517
1,1.72486639
1,1.72528504
1,1.72634459
1,1.72976571
1,1.73458241
1,1.73828986
1,1.74627789
1,1.74932577
1,1.75
1,1.75331723
1,1.76042699
1,1.76189565
1,1.772e-05
1,1.774554
1,1.77854197
1,1.7786
1,1.78371439
1,1.78894156
1,1.78976487
1,1.792798
1,1.7930328
1,1.79800978
1,1.802
1,1.8033431
1,1.804702
1,1.82
1,1.8259302
1,1.82865609
1,1.84068013
1,1.85098143
1,1.86847663
1,1.87
1,1.8701572
1,1.87233765
1,1.88190761
1,1.88668644
1,1.8945577
1,1.905e-05
1,1.90608073
1,1.91165275
1,1.9161872
1,1.92
1,1.93490734
1,1.9366
1,1.942
1,1.95
1,1.96100604
1,1.96663673
1,1.96672947
1,1.9716846
1,1.97226676
1,1.97530633
1,1.97697
1,1.9839871
1,1.98976
1,1.99072634
1,1.99573244
1,1.99652836
1,1.99659017
1,1.9995
1,1.9998
1,101.7227568
1,103.20503587
1,105.00650304
1,109.8587364
1,11.05225152
1,11.13950749
1,11.23780741
1,11.25476935
1,11.25625184
1,11.43082419
1,11.4455927
1,11.46400357
1,11.48984425
1,11.6417095
1,11.75199528
1,11.99348816
1,11.998148
1,111.56084225
1,115.32449624
1,116.73992484
1,118.37324829
1,118.37757291
1,118.85264291
1,120.0
1,12.01070268
1,12.17869241
1,12.23726599
1,12.2887562
1,12.35428988
1,12.375
1,12.48
1,12.55072657
1,12.729772
1,12.75217218
1,12.805
1,13.55471128
1,13.67465226
1,13.89328478
1,13.913878
1,131.04394251
1,14.07629
1,14.17784
1,14.24
1,14.36483171
1,14.40872396
1,14.48149664
1,14.59709545
1,14.683438
1,14.74738124
1,14.872
1,14.99907176
1,141.97538114
1,150.35538424
1,150.80734413
1,15.14814995
1,15.62332659
1,15.6418589
1,15.80730484
1,158.12751311
1,16.25641534
1,16.35129371
1,1636.42312841
1,164.05804592
1,170.0
1,17.06028651
1,17.1173489
1,17.16166392
1,17.3674489
1,17.8200229
1,175.97350352
1,18.0
1,18.04205296
1,18.19044102
1,18.294711
1,18.44528933
1,18.5746
1,18.8290489
1,18.86141714
1,184.86361896
1,185.71116706
1,19.065258
1,19.26735097
1,19.29247124
1,19.388617
1,19.53908129
1,19.68382451
1,19.7149
1,19.90321924
1,19.90831105
1,191.75191934
1,193.21984874
1,193.56715874
1,1939.62852428
1,194.52625874
1,195.9510323
1,198.31783131
1,20.0
1,2.00585861
1,2.01199871
1,2.01369557
1,2.01549996
1,2.01760942
1,2.02002
1,2.02259526
1,2.023
1,2.02530148
1,2.02753821
1,20.37563155
1,2.0393312
1,2.04370028
1,2.04652774
1,2.05899
1,2.06186206
1,20.67526342
1,2.06776135
1,2.06853655
1,2.07242779
1,2.07400489
1,20.81672942
1,20.8436771
1,2.0901304
1,2.09097846
1,2.09121655
1,2.09749804
1,2.099
1,2.1006048
1,2.102514
1,2.10447756
1,2.1090147
1,2.1090704
1,2.1256
1,2.12583968
1,2.13040216
1,2.14246095
1,2.1427302
1,2.1448955
1,2.15
1,2.151247
1,2.15293448
1,2.1606605
1,2.16823402
1,2.17163421
1,2.17424667
1,2.1754974
1,2.1883841
1,2.19186425
1,2.19294823
1,2.19556406
1,2.1972956
1,2.20140559
1,2.20575143
1,2.212e-05
1,2.21433771
1,2.21902284
1,2.225e-05
1,2.233e-05
1,2.23412
1,2.2365
1,2.236709
1,2.2372
1,2.23748
1,2.23818
1,2.23981723
1,2.24
1,2.24723972
1,2.24861696
1,2.25967946
1,2.26327234
1,2.2677062
1,2.2749305
1,2.27567744
1,2.278531
1,2.2824102
1,2.29830025
1,2.30368134
1,2.30404464
1,2.31600627
1,2.33763734
1,2.34354816
1,2.35130863
1,2.35589414
1,2.36073001
1,2.36645027
1,2.36808551
1,2.3698
1,2.37474225
1,2.3795
1,2.38742803
1,2.38956519
1,2.390442
1,2.39343736
1,2.39534135
1,2.3959
1,2.39802654
1,2.40679105
1,2.4173
1,2.4183
1,2.4195
1,2.4205
1,2.4215
1,2.4255
1,2.4265
1,2.4275
1,2.428
1,2.429
1,2.43
1,2.43742012
1,2.44800156
1,2.4516726
1,2.45187107
1,2.45485329
1,2.47004444
1,2.47476078
1,2.47622067
1,2.4791
1,2.48382887
1,2.48417554
1,2.4879
1,2.49265278
1,2.5
1,2.5171531
1,2.51720297
1,2.51912625
1,2.53499024
1,2.5361206
1,2.5386059
1,2.54307422
1,2.54621578
1,2.55679138
1,2.56594528
1,2.5681301
1,2.5682606
1,2.57594731
1,2.57696992
1,2.57758195
1,2.58618404
1,2.59077271
1,2.59179179
1,2.59983622
1,2.59e-05
1,2.62039632
1,2.62811133
1,2.64016492
1,2.641e-05
1,2.65
1,2.66140099
1,2.663938
1,2.66398266
1,2.66899658
1,2.66e-05
1,2.6704514
1,2.6715256
1,2.6742713
1,2.67973943
1,2.69966254
1,2.6e-05
1,2.70164408
1,2.71555573
1,2.71989583
1,2.72733702
1,2.742648
1,2.75027524
1,2.75591555
1,2.75614083
1,2.75879026
1,2.7695589
1,2.771752
1,2.775e-05
1,2.78838
1,2.7895
1,2.7938596
1,2.797e-05
1,2.798836
1,2.799507
1,2.8
1,2.81737
1,2.82321288
1,2.84000804
1,2.84683305
1,2.853
1,2.853e-05
1,2.86973359
1,2.87547464
1,2.88742954
1,2.88976541
1,2.89305696
1,2.89612587
1,2.90974132
1,2.9098531
1,2.91407855
1,2.91629927
1,2.91797049
1,2.9237405
1,2.92485189
1,2.93038698
1,2.9318036
1,2.93616334
1,2.94352492
1,2.94891532
1,2.95112377
1,2.95364448
1,2.95995572
1,2.97120957
1,2.9749188
1,2.975e-05
1,2.97809224
1,2.9810866
1,2.988
1,2.99799164
1,2.9998
1,202.02955001
1,21.386362
1,21.95986759
1,213.10817769
1,22.04619667
1,22.50926581
1,22.61063064
1,22.97472603
1,224.47224783
1,226.7985292
1,229.45726567
1,23.02152468
1,23.17478358
1,23.25007341
1,23.35323076
1,23.40367176
1,23.57363252
1,23.60132576
1,23.62581747
1,23.75865852
1,23.82335161
1,23.82957778
1,236.36800293
1,240.07448629
1,24.17627844
1,24.5195
1,24.52200763
1,24.61928777
1,24.63806485
1,24.8324911
1,24.8841111
1,2404.02992989
1,242.73513335
1,246.40482167
1,248.85518773
1,249.41013603
1,25.09217956
1,25.43914057
1,25.45164221
1,254.95532542
1,258.21284118
1,26.370912
1,26.69723508
1,26.87123984
1,26.92372
1,26.96059576
1,263.06179584
1,270.348
1,27.54312037
1,27.59573108
1,27.66107
1,27.6629082
1,27.66733447
1,27.68694472
1,27.68822087
1,27.75326977
1,27.81049428
1,27.83755463
1,27.88141292
1,27.93264879
1,276.060925
1,280.33815899
1,28.15962862
1,28.22865225
1,28.29156281
1,28.43586097
1,28.6326761
1,28.7442936
1,28.85
1,28.85480253
1,28.88489629
1,28.91937641
1,284.76865128
1,29.2743694
1,29.619638
1,29.74365106
1,29.88737476
1,3.00716388
1,3.00859815
1,30.13160834
1,3.02020735
1,3.02481237
1,30.26341238
1,3.04112278
1,3.04238988
1,3.04336887
1,3.05550747
1,3.05682357
1,3.06160291
1,3.062
1,3.0661795
1,30.7102256
1,3.07738537
1,30.85131923
1,3.08662326
1,30.90495547
1,3.09295308
1,30.96909276
1,3.1
1,3.10712319
1,3.1101875
1,3.1185735
1,3.11910893
1,3.12836665
1,3.12929227
1,3.13610744
1,3.13803205
1,3.15633561
1,3.17066986
1,3.17071916
1,3.1e-05
1,3.20896044
1,3.2153
1,3.21807338
1,3.2305126
1,3.23853242
1,3.24321739
1,3.2559331
1,3.26088
1,3.27118058
1,3.28194628
1,3.29282798
1,3.29702439
1,3.2e-05
1,3.30918444
1,3.30979681
1,3.334
1,3.35261971
1,3.36988547
1,3.379
1,3.37957144
1,3.38549588
1,3.398
1,3.40287309
1,3.41419184
1,3.41858875
1,3.42447363
1,3.4327461
1,3.43503767
1,3.44651369
1,3.44823572
1,3.47920637
1,3.47e-05
1,3.49734656
1,3.5099
1,3.52435888
1,3.5468519
1,3.546e-05
1,3.54764964
1,3.56052
1,3.57090129
1,3.58206309
1,3.59536993
1,3.598287
1,3.60404274
1,3.60873393
1,3.6194167
1,3.61973225
1,3.62401817
1,3.62818251
1,3.63828224
1,3.652e-05
1,3.66505597
1,3.67506555
1,3.68929065
1,3.69535094
1,3.6e-05
1,3.70604593
1,3.7063982
1,3.72157548
1,3.73541828
1,3.73819259
1,3.75501127
1,3.76640441
1,3.7830913
1,3.78578954
1,3.8025804
1,3.80930651
1,3.81044278
1,3.836e-05
1,3.84523631
1,3.8495062
1,3.87022809
1,3.884e-05
1,3.888498
1,3.89354318
1,3.9
1,3.91293691
1,3.91792507
1,3.92370567
1,3.94351717
1,3.94579897
1,3.95468427
1,3.9593872
1,3.968057
1,3.97039242
1,3.98315254
1,3.9997276
1,3.9998531
1,3.9e-05
1,31.10738165
1,31.15573058
1,31.86561641
1,31.89760723
1,32.00719223
1,32.19704368
1,32.26124525
1,32.76479334
1,33.32714846
1,337.16966981
1,34.0
1,34.64768005
1,34.6839418
1,34.75115338
1,35.56655845
1,35.59879997
1,35.69631973
1,36.16370846
1,36.69794596
1,37.0097
1,37.19772644
1,37.25345074
1,37.62551411
1,37.86063276
1,38.67219957
1,39.38665366
1,39.83111679
1,39.95197199
1,4.0
1,40.0
1,4.010036
1,4.01683282
1,40.22761547
1,4.024
1,40.59487691
1,4.0629
1,4.06710641
1,4.07039735
1,4.0867728
1,4.092e-05
1,4.09e-05
1,4.1045848
1,4.12067862
1,4.12199
1,4.1274026
1,4.13764825
1,4.13921204
1,4.14751561
1,4.14779261
1,4.14962583
1,4.15161278
1,4.16833587
1,4.18201106
1,4.18310916
1,4.19231551
1,4.19551615
1,4.2
1,4.21319623
1,4.23
1,4.25849256
1,4.25909931
1,4.27634808
1,4.29676361
1,4.29e-05
1,4.3
1,4.315109
1,4.341e-05
1,4.36331761
1,4.426
1,4.47217285
1,4.48730017
1,4.4900694
1,4.49696716
1,4.5
1,4.50870219
1,4.52987998
1,4.59679202
1,4.603311
1,4.61168667
1,4.62269999
1,4.6427616
1,4.65514428
1,4.66333782
1,4.66578271
1,4.66634499
1,4.67309011
1,4.68479435
1,4.71692904
1,4.71789241
1,4.71932128
1,4.7605
1,4.766648
1,4.771e-05
1,4.77899444
1,4.78016901
1,4.78970798
1,4.79462601
1,4.795823
1,4.799e-05
1,4.81938877
1,4.8678143
1,4.889148
1,4.88960568
1,4.89
1,4.89239026
1,4.9
1,4.92716576
1,4.92775592
1,4.94140549
1,4.95744858
1,4.96104074
1,4.97985
1,4.9835652
1,4.987
1,4.9898
1,4.99
1,41.0834526
1,41.45644881
1,41.72033153
1,42.03496831
1,42.71209091
1,42.76224676
1,424.58270207
1,44.50869083
1,44.51188617
1,45.12810462
1,46.68835313
1,46.8580704
1,47.12780876
1,47.21839948
1,47.58159812
1,47.66656095
1,47.9038003
1,48.23308561
1,48.23553816
1,49.0
1,49.17539891
1,49.1765784
1,49.21284846
1,49.431212
1,49.7255756
1,49.75879041
1,49.77040865
1,49.81954297
1,49.839774
1,49.849774
1,49.888541
1,49.90708815
1,49.95511401
1,49.97186739
1,49.983089
1,49.988574
1,5.01897
1,5.07188386
1,5.089741
1,5.09924623
1,5.10766708
1,5.10861747
1,5.13551722
1,5.1788
1,5.19425251
1,5.204662
1,5.21420567
1,5.24319774
1,5.24398808
1,5.24902115
1,5.26904
1,5.273632
1,5.30240042
1,5.31500713
1,5.31872954
1,5.32191443
1,5.35099273
1,5.36972392
1,5.37303409
1,5.37792251
1,5.37822276
1,5.38210568
1,5.38485
1,5.385e-05
1,5.41485293
1,5.41715423
1,5.42207076
1,5.4468754
1,5.49212569
1,5.49248865
1,5.4e-05
1,5.5
1,5.50243928
1,5.50994369
1,5.52031809
1,5.54929065
1,5.56747135
1,5.56801534
1,5.58773534
1,5.59924361
1,5.59e-05
1,5.6
1,5.608e-05
1,5.63e-05
1,5.6516604
1,5.66608946
1,5.68783031
1,5.689888
1,5.69
1,5.7
1,5.71887
1,5.73386968
1,5.7800749
1,5.7e-05
1,5.8
1,5.8354884
1,5.87901088
1,5.9085383
1,5.90990078
1,5.9367
1,5.956e-05
1,5.99895252
1,5.99e-05
1,5.99e-06
1,503.03504978
1,51.36564
1,51.86677078
1,53.29884846
1,53.81879094
1,54.6334282
1,54.69832962
1,55.11830613
1,55.16851988
1,55.23755681
1,56.08957107
1,56.71964846
1,57.82395323
1,578.66869184
1,59.03787388
1,59.3549649
1,59.85797176
1,59.86647018
1,6.0
1,60.0009932
1,6.02457483
1,6.04679175
1,6.05571482
1,6.09035
1,6.13687703
1,6.1685521
1,6.20535691
1,6.229229
1,6.244187
1,6.25653218
1,6.25e-05
1,6.26032997
1,6.26992684
1,6.27911392
1,6.30768894
1,6.3187
1,6.33003109
1,6.35694514
1,6.383e-05
1,6.386e-05
1,6.39945533
1,6.39974023
1,6.406e-05
1,6.40995148
1,6.42624354
1,6.434e-05
1,6.465e-05
1,6.46e-05
1,6.48225189
1,6.4835306
1,6.53e-06
1,6.54155
1,6.54897376
1,6.60153745
1,6.613e-05
1,6.685e-05
1,6.69200181
1,6.72088177
1,6.72927159
1,6.8239
1,6.85632105
1,6.86020036
1,6.9
1,6.91379454
1,6.92561853
1,6.95210354
1,6.9859
1,6.9e-05
1,6e-05
1,62.6014045
1,63.37323708
1,64.37843661
1,64.76413521
1,64.9190962
1,66.94018945
1,67.34933082
1,67.88269721
1,6782.70006973
1,68.5694909
1,69.40694071
1,69.7177693
1,69.76598857
1,7.022e-05
1,7.027e-05
1,70.32221058
1,70.44530477
1,7.05367479
1,7.062e-05
1,7.067e-05
1,7.07856884
1,7.082e-05
1,7.083e-05
1,7.10377356
1,7.16316954
1,7.1633221
1,7.18837622
1,7.295e-05
1,7.2e-05
1,7.304e-05
1,7.43297146
1,7.515e-05
1,7.56019165
1,7.65387645
1,7.67901451
1,7.690422
1,7.70036233
1,7.74e-05
1,7.82e-05
1,7.867e-05
1,7.8e-05
1,7.93148857
1,7.94680131
1,7.9577
1,7.97742322
1,7.98
1,71.02340447
1,71.82012958
1,73.19051418
1,76.47687294
1,76.57779285
1,76.66408382
1,79.33188805
1,79.92107291
1,8.0
1,8.066e-05
1,8.07329821
1,8.08108925
1,8.0998
1,8.128e-05
1,8.17597085
1,8.20979013
1,8.24e-05
1,8.34050798
1,8.39977475
1,8.40545151
1,8.44283479
1,8.46203075
1,8.51564426
1,8.51845753
1,8.548e-05
1,8.56759435
1,8.576e-05
1,8.6041851
1,8.60982497
1,8.7072813
1,8.707e-05
1,8.746e-05
1,8.77892447
1,8.80863913
1,8.81748065
1,8.956
1,8.956e-05
1,8.96295571
1,8.97159432
1,8.97943995
1,83.60445808
1,83.67007769
1,85.22459595
1,86.13218986
1,86.2550504
1,86.27843082
1,86.52890583
1,87.18151686
1,88.49688006
1,89.48096866
1,9.0
1,90.07892814
1,9.06503747
1,9.07154881
1,9.099667
1,9.118e-05
1,9.13351418
1,9.15330725
1,9.16960379
1,9.18810648
1,9.19154379
1,9.23605267
1,9.27336203
1,9.29040958
1,9.33062926
1,9.38282809
1,9.3998531
1,9.44913501
1,9.45e-06
1,9.469399
1,9.4730175
1,9.49086465
1,9.49526755
1,9.50752262
1,9.53535902
1,9.5515558
1,9.629e-05
1,9.67441417
1,9.6e-05
1,9.709704
1,9.776e-05
1,9.84278165
1,9.853
1,9.85714962
1,9.861e-05
1,9.8946086
1,9.8995062
1,9.9294
1,9.95224383
1,9.979
1,9.981704
1,9.985e-05
1,9.99328398
1,9.9943635
1,92.03018883
1,92.44661709
1,92.73933838
1,94.81128373
1,96.96581167
1,97.7374718
1,99.3288406
2,0.000133
2,0.00014999
2,0.000158
2,0.00020008
2,0.00020009
2,0.00020015
2,0.00020031
2,0.00020056
2,0.00020089
2,0.00020097
2,0.00020106
2,0.00020117
2,0.0002015
2,0.00020161
2,0.00020166
2,0.00020178
2,0.00020334
2,0.00020366
2,0.00021
2,0.00022178
2,0.0002223
2,0.00025
2,0.00032667
2,0.00036
2,0.00048
2,0.00051
2,0.0006
2,0.00074
2,0.00079596
2,0.00087
2,0.000949
2,0.00105
2,0.00110757
2,0.001115
2,0.00111884
2,0.0017
2,0.00175
2,0.0018531
2,0.00186742
2,0.00223
2,0.00223748
2,0.00223796
2,0.00225
2,0.00245
2,0.00261
2,0.002953
2,0.0029872
2,0.00299411
2,0.00300063
2,0.00300505
2,0.0031696
2,0.0033348
2,0.0043
2,0.00485
2,0.0054
2,0.0055
2,0.0079
2,0.008414
2,0.008415
2,0.00875
2,0.0093
2,0.0096607
2,0.0097
2,0.01000006
2,0.01000011
2,0.01000632
2,0.01004716
2,0.01008
2,0.01022
2,0.01098
2,0.0111
2,0.01111123
2,0.0111624
2,0.01117
2,0.0111876
2,0.0111938
2,0.011197
2,0.01121
2,0.01122
2,0.0125
2,0.0127
2,0.013
2,0.01330702
2,0.01332
2,0.01342488
2,0.01343289
2,0.0165
2,0.0195
2,0.0198531
2,0.02115
2,0.022
2,0.022238
2,0.022288
2,0.022303
2,0.02235661
2,0.0223768
2,0.02237837
2,0.0224062
2,0.024
2,0.02790646
2,0.02798267
2,0.02803
2,0.0295
2,0.0298531
2,0.031
2,0.032
2,0.034971
2,0.0391559
2,0.03924
2,0.0402
2,0.04363086
2,0.044488
2,0.0447496
2,0.0459
2,0.05551962
2,0.055937
2,0.05596159
2,0.0601955
2,0.06821062
2,0.079
2,0.08371937
2,0.084
2,0.088
2,0.095
2,0.0988
2,0.099
2,0.0991
2,0.0995
2,0.0998531
2,0.10453379
2,0.10491238
2,0.1050954
2,0.106
2,0.1097
2,0.1107
2,0.11187434
2,0.11194
2,0.11198334
2,0.1121
2,0.13
2,0.169
2,0.17
2,0.2066
2,0.223748
2,0.25019133
2,0.29
2,0.30639
2,0.32
2,0.4995
2,0.77
2,0.87608
2,0.95
2,0.99
2,0.9998531
2,1.15298938
2,1.5
2,1.589
2,1.6
2,1.62
2,1.801
2,2.7e-05
2,5.31e-05
2,5.7394
2,6.5
2,8.7e-05
2,9.62e-05
3,0.00012
3,0.00015
3,0.0001531
3,0.00020001
3,0.00020012
3,0.00020018
3,0.00020061
3,0.00020071
3,0.00024
3,0.00032
3,0.00036938
3,0.0007
3,0.00075
3,0.00112
3,0.00169192
3,0.0032
3,0.00372367
3,0.0038531
3,0.00437979
3,0.0068
3,0.0071
3,0.009
3,0.0098
3,0.0099
3,0.01000003
3,0.0101
3,0.011187
3,0.01119846
3,0.0135
3,0.014
3,0.0168
3,0.018
3,0.0223748
3,0.02238614
3,0.027
3,0.028
3,0.033
3,0.0335622
3,0.034
3,0.038
3,0.044
3,0.059
3,0.075
3,0.0894992
3,0.11
3,0.14972
3,0.15
3,0.1532
3,0.18
3,0.25
3,0.33222591
3,0.49
3,0.6
3,0.8
3,0.9
3,2.0
3,2.7
3,5.43e-05
3,5e-05
4,0.00016
4,0.00018
4,0.00045
4,0.00061
4,0.0011
4,0.0021
4,0.0027
4,0.0029
4,0.0049
4,0.0057
4,0.0097569
4,0.01000001
4,0.0105
4,0.017
4,0.035
4,0.0999
4,0.12
4,0.14
4,0.16
4,0.9999
4,10.0
4,2.73e-05
5,0.0003694
5,0.0008531
5,0.0015
5,0.0017569
5,0.0018
5,0.01000005
5,0.021
5,0.025
5,0.045
5,0.07
5,0.16067935
5,0.81821441
5,0.82544238
5,5.5e-05
6,0.0022
6,0.0025
6,0.0045
6,0.008
6,0.011
6,0.0111874
6,0.04008944
6,0.08
6,0.09
6,5.66608944
7,0.0007569
7,0.004
7,0.012
7,0.0224
7,0.06
7,0.2
7,0.4
8,0.0001
8,0.0008
8,0.04
8,5.0
9,0.00036901
9,0.3
9,8e-05
10,0.015
10,0.5
11,0.007
11,0.0112
11,0.01243089
12,0.0009
14,0.006
16,0.0498
16,3.0
17,0.0002
17,0.0034
19,0.0003
19,0.0004
19,0.0056
19,0.03
19,50.0
20,0.005
21,0.003
22,0.0005
27,0.02
27,1.0
33,0.0
35,0.1
36,0.0023
39,0.05
40,0.001
40,0.002
59,0.01
106,0.0012
